1.62531 1.21041 4.71321
1.60493 1.21878 4.72781
1.73709 1.00759 4.67487
1.64864 1.14443 4.7132
1.64804 1.19359 4.69884
1.64862 1.14447 4.71321
1.78694 0.986719 4.63364
1.77117 1.00849 4.6424
1.82436 1.0369 4.58109
1.82093 1.16726 4.54333
1.65954 1.17498 4.69449
1.82439 1.03691 4.58107
1.75718 1.00943 4.65548
1.75732 1.00932 4.65538
1.80607 1.18032 4.55436
1.9025 1.13519 4.46578
1.58943 1.4393 4.67198
1.65346 1.1689 4.70164
1.84193 1.16392 4.52244
1.81183 1.06413 4.58538
1.84193 1.16403 4.52241
1.82849 1.06041 4.56957
1.62244 0.962297 4.78829
1.638 1.04306 4.7522
1.56175 0.995761 4.82755
1.8119 1.06437 4.58524
1.62228 0.962177 4.78845
1.66119 1.04625 4.73147
1.55808 1.0288 4.8211
1.61957 1.06249 4.76199
1.64615 0.948977 4.77227
1.53149 1.07249 4.8292
1.58967 1.02318 4.79771
1.68162 0.911902 4.75235
1.55152 1.04595 4.82133
1.64791 1.04678 4.74271
1.56371 1.53049 4.66404
1.68151 1.09286 4.69993
1.7606 1.36505 4.53887
1.58703 1.3113 4.71437
1.68183 0.911376 4.75232
1.68306 1.35348 4.61716
1.50303 1.02006 4.86531
1.6034 1.31172 4.70057
1.57219 0.977599 4.82446
1.64737 1.06341 4.73831
1.62996 1.33505 4.67054
1.68169 1.35645 4.61745
1.65896 0.910008 4.77239
1.49135 1.4396 4.7509
1.55929 0.968913 4.83697
1.66096 0.871454 4.78144
1.6196 1.32398 4.68297
1.56391 1.44257 4.69226
1.7523 1.13354 4.62234
1.57179 0.967065 4.82773
1.64743 1.06327 4.7383
1.76024 1.01277 4.65158
1.54477 0.958205 4.85113
1.61053 1.34123 4.68529
1.97065 0.90525 4.46144
1.62935 1.31341 4.6779
1.66331 0.902673 4.77074
1.7828 1.33972 4.52505
1.86011 0.913749 4.58156
1.50733 1.16773 4.82016
1.63018 1.37384 4.65798
1.71966 1.3957 4.5687
1.62358 1.31831 4.68133
1.78264 1.33954 4.52528
1.50852 0.981682 4.87191
1.75204 1.13613 4.62178
1.65409 1.2931 4.66267
1.85726 1.33259 4.44825
1.62119 1.09437 4.75134
1.57257 0.969366 4.82647
1.49022 1.1974 4.82433
1.72165 1.13267 4.65148
1.73622 1.42189 4.54364
1.56164 0.938325 4.84363
1.65485 1.29151 4.66249
1.73601 1.42135 4.54403
1.73137 1.16283 4.63307
1.66646 0.967307 4.74975
1.80454 1.31483 4.51113
1.69208 1.0777 4.69504
1.56911 0.983375 4.82526
1.7215 1.13211 4.6518
1.69061 0.951579 4.7332
1.66788 1.36514 4.62723
1.6711 1.21008 4.67352
1.63204 0.95504 4.78238
1.90075 0.911279 4.5389
1.63349 1.35218 4.66202
1.9078 1.14484 4.45654
1.58897 1.23279 4.73678
1.62179 1.10018 4.74912
1.62343 0.949872 4.79097
1.84896 0.972375 4.57554
1.70688 1.46258 4.55823
1.56129 1.39574 4.70922
1.69373 1.39964 4.59202
1.57912 1.35955 4.70591
1.63918 1.3723 4.65058
1.73334 1.14729 4.63606
1.71214 1.1663 4.6499
1.66226 1.40678 4.6187
1.6648 0.946703 4.75705
1.72979 1.21761 4.61733
1.71444 1.15869 4.65014
1.50533 1.12618 4.83363
1.68842 1.16259 4.67266
1.61427 1.20653 4.72371
1.90069 0.911339 4.53895
1.55959 1.38827 4.71296
1.69134 1.07651 4.69606
1.57229 1.22526 4.75262
1.69106 1.34726 4.6118
1.50352 1.27019 4.79298
1.80392 1.31503 4.51171
1.5614 0.892478 4.85642
1.55987 1.38514 4.71371
1.8577 1.33193 4.448
1.9381 0.990129 4.47263
1.64851 0.905241 4.78257
1.92063 1.06348 4.46894
1.55966 1.38783 4.71304
1.94033 0.972633 4.47561
1.68177 1.34365 4.62155
1.57742 0.976913 4.82053
1.5825 1.33246 4.71156
1.95639 0.961812 4.46042
1.71553 1.15805 4.64933
1.51635 1.20579 4.80224
1.60194 1.43591 4.66242
1.50422 1.09146 4.84435
1.71569 1.42318 4.56321
1.92654 1.01255 4.47868
1.69568 1.17022 4.66375
1.92525 0.917815 4.5098
1.67699 1.41558 4.60229
1.56059 1.03974 4.81604
1.82472 1.36662 4.47175
1.60714 1.35393 4.68417
1.55745 0.90979 4.85473
1.87039 1.34261 4.42996
1.71704 1.20159 4.63436
1.73027 1.21769 4.61685
1.58801 1.29111 4.71978
1.69343 1.39886 4.59256
1.67722 1.34946 4.62382
1.54416 1.46304 4.70191
1.74449 1.40159 4.54243
1.71858 1.16337 4.64485
1.66463 1.31983 4.64478
1.66282 1.40602 4.61844
1.51659 1.08071 4.83815
1.69913 1.09166 4.68454
1.825 1.36642 4.47151
1.77789 1.08983 4.61114
1.60354 1.43621 4.66095
1.69783 1.09017 4.68615
1.63243 1.35927 4.66067
1.5677 1.01183 4.81837
1.64361 1.30145 4.66926
1.93764 1.16512 4.41506
1.55019 1.27788 4.75447
1.92975 0.97703 4.48632
1.72563 1.45886 4.54129
1.89381 1.01472 4.51456
1.71562 1.13116 4.65752
1.5334 1.2824 4.76633
1.77826 1.08923 4.61097
1.6183 1.39843 4.66041
1.66293 1.34145 4.63937
1.9221 1.04552 4.47311
1.4981 1.37731 4.76487
1.74531 1.17311 4.61665
1.6762 1.41763 4.60234
1.53276 1.2836 4.76648
1.68048 0.92896 4.74853
1.90455 1.07527 4.48325
1.71665 1.13199 4.65631
1.86609 0.903959 4.57821
1.56377 1.00455 4.8235
1.92379 1.13719 4.44081
1.89334 1.0227 4.51255
1.56042 0.923468 4.84867
1.57402 1.30819 4.72603
1.62474 1.39817 4.6549
1.62741 1.06319 4.75525
1.47912 1.31209 4.79883
1.62688 1.14757 4.73082
1.7067 1.15791 4.65749
1.63303 1.35715 4.66083
1.71066 0.95387 4.7147
1.54181 1.05756 4.82554
1.70501 1.34394 4.59987
1.5623 1.03985 4.81467
1.91969 1.12167 4.45075
1.92552 1.01332 4.4796
1.76549 1.15731 4.60216
1.91009 1.26755 4.41135
1.74391 1.13585 4.62961
1.54325 0.904812 4.86697
1.89377 1.00347 4.51814
1.54174 1.45959 4.70496
1.66569 1.06039 4.72342
1.74062 1.31589 4.57509
1.50873 1.40184 4.74916
1.74471 1.19633 4.60988
1.70516 1.34417 4.59966
1.51504 1.17968 4.81086
1.9044 1.07495 4.48352
1.78454 1.31766 4.53078
1.56569 1.01744 4.81836
1.71305 1.22613 4.63033
1.70043 1.19341 4.65224
1.74577 1.38611 4.54645
1.55588 1.0243 4.82408
1.76557 1.05461 4.63388
1.49022 1.20917 4.82091
1.76424 1.104 4.62002
1.74497 1.19623 4.60966
1.51287 1.41991 4.74035
1.51321 0.996087 4.86443
1.77432 1.06149 4.62333
1.47411 1.34579 4.79248
1.69376 1.21371 4.652
1.88832 0.986658 4.52933
1.53847 0.892738 4.87388
1.59445 1.38129 4.68627
1.71588 1.2481 4.62071
1.56313 1.25222 4.75188
1.74538 1.38566 4.54699
1.93512 0.958787 4.48594
1.76553 1.0017 4.64983
1.71419 1.17218 4.64618
1.50014 1.22429 4.80908
1.79559 1.05967 4.60302
1.76648 0.901164 4.67836
1.81265 1.08255 4.57881
1.91385 1.07324 4.47345
1.58517 1.21897 4.74406
1.51521 1.05685 4.84593
1.90875 1.25949 4.41579
1.80592 1.08012 4.58637
1.62301 1.36093 4.66833
1.76478 1.05523 4.63444
1.91953 1.16237 4.43716
1.56958 1.39549 4.70251
1.87731 1.06104 4.51785
1.92016 1.23931 4.40963
1.74411 0.995454 4.67192
1.649 1.35305 4.64808
1.7754 1.07148 4.61922
1.87469 0.954052 4.55403
1.88958 0.985664 4.52828
1.54491 1.46654 4.70018
1.59238 1.32371 4.70607
1.57336 0.94459 4.83275
1.67452 0.902771 4.76108
1.91974 1.12846 4.44842
1.62345 1.37089 4.66477
1.54135 1.52104 4.6856
1.47465 1.38507 4.78023
1.67599 1.33908 4.62831
1.75872 1.1438 4.61297
1.68233 1.17114 4.6755
1.56535 0.91217 4.84796
1.55863 1.3162 4.73605
1.47434 1.22614 4.82768
1.94947 1.17726 4.39673
1.66084 1.16833 4.69538
1.77971 1.15131 4.59011
1.5857 1.4883 4.65926
1.92621 0.937293 4.50272
1.8951 1.0038 4.51658
1.73558 1.20398 4.61616
1.94183 1.16578 4.40987
1.74529 1.38172 4.54842
1.71233 1.46125 4.55342
1.79763 1.14855 4.57312
1.69129 1.1501 4.67389
1.93395 1.02902 4.4649
1.56061 1.34813 4.72462
1.70744 1.24658 4.62907
1.54702 0.976034 4.84446
1.5346 1.27005 4.76911
1.92604 0.943408 4.50102
1.48734 1.34683 4.78227
1.79374 1.11253 4.58842
1.94 0.924133 4.49116
1.69645 1.35287 4.60495
1.54199 1.28532 4.75871
1.70957 1.19019 4.64485
1.69541 0.991692 4.7174
1.87219 1.15513 4.49279
1.5862 1.416 4.68217
1.6323 1.10161 4.73988
1.93331 0.994124 4.47684
1.78023 1.1525 4.58922
1.53454 0.901065 4.87459
1.72917 1.00036 4.68432
1.93822 1.00769 4.46687
1.78907 1.15013 4.58119
1.80376 1.08572 4.58679
1.79159 1.0473 4.61077
1.69633 1.35556 4.60418
1.90091 0.891483 4.54469
1.79918 1.09408 4.58877
1.57959 1.49313 4.66287
1.90941 1.26231 4.41402
1.60644 1.20259 4.73145
1.85522 1.24053 4.48257
1.50211 1.19308 4.81672
1.66615 1.30695 4.64753
1.49992 1.1821 4.82155
1.61673 1.22531 4.71594
1.70548 1.13698 4.66503
1.67579 0.900542 4.7606
1.51231 1.24018 4.7952
1.7837 1.04833 4.61821
1.78772 1.42757 4.48938
1.70179 1.2666 4.62792
1.92881 1.0295 4.47065
1.87305 0.975448 4.54923
1.76591 1.00077 4.64975
1.82978 1.02027 4.58068
1.75148 0.989577 4.66675
1.69183 1.1493 4.67365
1.57281 1.50022 4.66628
1.90045 0.889816 4.54569
1.69631 1.16283 4.66545
1.72178 1.21795 4.62477
1.68255 1.15588 4.67997
1.69952 1.11044 4.67852
1.69928 1.24729 4.63638
1.73507 1.10038 4.64887
1.49972 1.26231 4.79819
1.90163 1.08292 4.48402
1.68586 0.894326 4.7536
1.54923 0.903334 4.86281
1.68656 1.18741 4.66669
1.57067 0.913118 4.84355
1.5277 1.44052 4.72224
1.70259 1.18506 4.65286
1.93918 1.00871 4.46544
1.76494 1.0165 4.64597
1.66908 1.2976 4.64788
1.5019 1.42378 4.74768
1.68321 1.1573 4.67895
1.57682 1.00878 4.81204
1.80385 1.40711 4.47967
1.8094 1.05058 4.59202
1.56006 1.01666 4.82298
1.9347 0.979628 4.47985
1.74756 1.08108 4.643
1.52128 1.34931 4.75552
1.84872 1.36876 4.44478
1.58669 1.09788 4.77861
1.65014 1.3537 4.64685
1.83342 1.34951 4.4684
1.53204 1.46428 4.71129
1.74876 0.966343 4.67613
1.70387 1.18628 4.65131
1.64193 1.27832 4.67798
1.80368 1.40784 4.47959
1.76865 1.13339 4.6066
1.51734 1.18149 4.8086
1.58829 1.14645 4.76311
1.76025 1.33607 4.54904
1.68179 1.15564 4.68072
1.51796 1.46989 4.72073
1.70611 1.40816 4.57747
1.64462 0.900107 4.78727
1.70295 1.18313 4.65313
1.79971 1.03236 4.6073
1.74844 0.966225 4.67646
1.81106 1.28125 4.51577
1.71135 1.11501 4.66637
1.51875 1.40552 4.74022
1.7825 1.04684 4.61983
1.70687 1.15297 4.65887
1.90743 1.0657 4.48314
1.8115 1.1664 4.55331
1.62967 0.920627 4.79401
1.52665 1.3504 4.75099
1.76408 1.31893 4.55098
1.74222 1.15335 4.62578
1.65193 1.17557 4.70095
1.80472 1.13949 4.56886
1.79706 1.19549 4.55859
1.60982 1.19119 4.73206
1.75268 1.3023 4.56781
1.79987 1.03203 4.60724
1.74009 1.12198 4.63752
1.62854 1.46767 4.62886
1.74991 1.30508 4.5696
1.76976 1.1297 4.60667
1.64681 1.27823 4.67375
1.63346 1.38913 4.65018
1.89294 1.13801 4.47556
1.73562 1.15395 4.63184
1.7402 1.44449 4.53188
1.75364 1.2263 4.59169
1.69679 1.20265 4.65269
1.59411 1.49312 4.6505
1.59959 1.41756 4.67034
1.51114 1.04432 4.8525
1.49715 1.06821 4.85616
1.8179 1.18 4.54231
1.78404 1.09036 4.60495
1.70438 1.25446 4.62939
1.84836 1.36874 4.44518
1.77724 1.35734 4.52469
1.8989 0.883625 4.54922
1.87936 1.05409 4.51784
1.89291 0.983868 4.5252
1.64806 1.18104 4.70264
1.69007 1.17718 4.66668
1.68746 1.18596 4.66633
1.69313 1.41669 4.58688
1.56673 0.897628 4.85088
1.53506 1.03154 4.83807
1.71351 1.26913 4.6162
1.65727 1.22356 4.68158
1.87717 0.895112 4.56914
1.87199 0.972168 4.55137
1.75465 1.28888 4.5703
1.57335 1.04521 4.80444
1.50264 1.04909 4.85748
1.7681 1.18153 4.59193
1.81776 1.17987 4.5425
1.88114 0.982676 4.53833
1.73843 1.1871 4.61879
1.74489 1.10757 4.63742
1.71348 1.11097 4.66565
1.94561 1.16017 4.40732
1.89016 0.99535 4.52462
1.56574 1.00527 4.82176
1.66034 1.15276 4.70053
1.85061 1.07285 4.54263
1.8341 1.34161 4.47045
1.62783 1.47005 4.6287
1.59746 1.49443 4.64719
1.56164 1.09239 4.80016
1.94527 0.998064 4.46181
1.82406 1.01039 4.58954
1.63036 1.38325 4.65479
1.56627 1.40972 4.70074
1.83835 1.35329 4.4617
1.84646 0.877315 4.60644
1.68203 1.37671 4.6105
1.85673 1.35372 4.44128
1.93331 1.01362 4.47061
1.74849 1.08197 4.64185
1.66802 1.35191 4.63139
1.9807 0.980049 4.42572
1.91822 1.00701 4.48986
1.78868 1.09871 4.59777
1.53238 1.45764 4.71311
1.43659 1.39198 4.80608
1.70512 1.06895 4.68593
1.64735 1.00879 4.7542
1.70473 1.41591 4.57617
1.69805 1.15726 4.66559
1.64912 1.0101 4.75231
1.85183 0.892085 4.59658
1.52475 1.4246 4.72956
1.79088 1.14248 4.58182
1.83925 1.36388 4.45694
1.49487 1.36648 4.77062
1.69849 1.131 4.67321
1.63899 0.94449 4.77956
1.52332 1.43541 4.72731
1.93627 0.963988 4.48299
1.52297 0.869851 4.89172
1.75904 1.17663 4.60232
1.81808 1.19063 4.53866
1.49838 1.44372 4.74421
1.6966 1.20262 4.65287
1.82188 1.05403 4.57832
1.83279 1.04617 4.56958
1.57977 1.3206 4.71748
1.66393 1.05308 4.7271
1.80427 1.07652 4.58914
1.48408 1.43904 4.75662
1.63337 1.11434 4.73522
1.56635 1.04219 4.81083
1.91709 1.27609 4.40009
1.85143 0.973714 4.57256
1.68611 0.939391 4.74064
1.52513 1.08464 4.83058
1.86604 0.967229 4.5592
1.61361 1.17545 4.73362
1.64708 1.18144 4.70336
1.77026 1.12894 4.60642
1.77396 0.96325 4.65316
1.63834 0.904484 4.79131
1.61594 0.969841 4.7915
1.84689 1.17742 4.51273
1.55239 1.42656 4.70678
1.56124 1.23778 4.75774
1.74326 1.25851 4.59133
1.78131 1.05658 4.61803
1.73097 1.13044 4.64349
1.91562 1.03292 4.48451
1.7885 1.07668 4.60479
1.80412 1.11853 4.57612
1.68697 1.11153 4.68947
1.65994 1.30811 4.65271
1.89803 1.33412 4.40134
1.6198 1.34932 4.6748
1.83059 0.906877 4.61395
1.60334 1.49713 4.64122
1.5225 1.32485 4.76201
1.66357 1.06348 4.72436
1.71953 1.22904 4.62337
1.9094 1.12083 4.46278
1.66684 1.34101 4.63598
1.67824 1.15762 4.68328
1.613 1.34912 4.68069
1.79895 1.3614 4.5009
1.83854 1.36477 4.45741
1.51688 1.41456 4.73887
1.88157 0.98004 4.53869
1.74105 1.05428 4.65725
1.69781 1.15766 4.66568
1.75359 1.15655 4.61392
1.66871 1.32893 4.63819
1.73345 1.45832 4.53377
1.97574 1.23535 4.34363
1.69645 1.19046 4.65679
1.6318 1.19154 4.71342
1.76552 1.44469 4.50628
1.63284 1.05314 4.75362
1.69192 1.26845 4.63642
1.8529 0.892323 4.59541
1.68186 1.38392 4.60827
1.7203 1.22775 4.62305
1.92557 1.16654 4.42873
1.74517 1.01915 4.6639
1.70378 1.1769 4.6543
1.78934 1.10211 4.59605
1.63748 1.43501 4.63168
1.84523 0.916108 4.59628
1.61629 1.18677 4.72798
1.78866 1.07518 4.60509
1.49855 1.44441 4.74386
1.64362 1.26858 4.67954
1.70551 0.922108 4.72841
1.79037 1.3168 4.52511
1.73235 1.11743 4.6462
1.70861 1.20383 4.64148
1.51852 0.945055 4.87457
1.64375 1.1802 4.70661
1.89364 1.09317 4.48957
1.87443 0.9147 4.5662
1.86476 1.36988 4.42645
1.5545 0.915943 4.85532
1.79186 1.31642 4.52371
1.75111 1.12433 4.62634
1.65078 1.44709 4.61578
1.68747 1.39601 4.59908
1.85025 1.32509 4.45865
1.71447 1.33997 4.59224
1.8934 1.0912 4.49049
1.79181 1.3994 4.49506
1.82625 0.909792 4.61747
1.7259 1.33043 4.58449
1.80596 1.38718 4.4845
1.66002 1.18618 4.69066
1.96069 0.895502 4.47612
1.68105 1.26146 4.64854
1.75658 1.21734 4.59171
1.4878 1.29951 4.7961
1.79355 1.36807 4.50421
1.93737 1.17653 4.41141
1.64286 1.4176 4.6326
1.59153 1.27644 4.72138
1.55006 1.53067 4.67533
1.69496 1.14086 4.6734
1.54102 1.47242 4.70147
1.89351 1.08903 4.49106
1.64424 1.41794 4.63126
1.8607 0.968644 4.5644
1.91612 1.27814 4.40048
1.75722 1.15389 4.61125
1.69991 1.12667 4.67324
1.65466 1.04424 4.73768
1.63999 1.2106 4.7006
1.6518 1.34032 4.64967
1.54266 1.33972 4.74162
1.69118 1.24309 4.64513
1.5923 1.27634 4.72077
1.89355 1.09393 4.48943
1.51839 1.01109 4.85639
1.79348 1.39932 4.49335
1.62535 1.45348 4.63635
1.49301 1.40769 4.75946
1.56951 1.29561 4.73356
1.48242 1.33535 4.78942
1.8452 1.1339 4.52877
1.71233 1.25789 4.62091
1.79375 1.39931 4.49306
1.67893 1.06804 4.70958
1.7371 0.90386 4.705
1.6478 0.923447 4.77808
1.64279 1.27087 4.67955
1.61001 1.3811 4.6731
1.70401 1.17419 4.65493
1.95241 1.24615 4.36856
1.89459 1.352 4.39879
1.5773 0.874499 4.84894
1.71717 0.957894 4.70766
1.80789 1.11828 4.57239
1.88445 0.882247 4.56521
1.92088 1.25521 4.40312
1.52088 0.918398 4.88011
1.63713 1.16742 4.71616
1.64276 1.41527 4.63345
1.58882 1.26129 4.72824
1.81417 1.0264 4.59465
1.57656 1.49783 4.6639
1.80698 1.16384 4.55875
1.49177 1.26218 4.80421
1.92318 0.953778 4.50102
1.58951 1.42241 4.67733
1.71498 1.34224 4.59101
1.6462 1.46965 4.6124
1.55838 0.866181 4.8659
1.78155 1.21581 4.56759
1.75606 1.2177 4.59211
1.67293 0.967415 4.74413
1.91061 1.15174 4.45102
1.77133 1.40128 4.51555
1.94666 0.978561 4.46643
1.88901 0.876979 4.56188
1.92028 1.0373 4.47783
1.80677 1.13818 4.56719
1.97304 1.24418 4.34377
1.97015 1.04199 4.41809
1.49601 1.35871 4.77212
1.53537 1.18983 4.79232
1.53144 0.909714 4.87457
1.83135 0.994778 4.58687
1.92116 1.25017 4.40459
1.5974 1.29977 4.70931
1.56368 1.37106 4.715
1.57518 1.48479 4.66931
1.63866 0.942781 4.78031
1.59645 1.29979 4.7101
1.62667 1.35043 4.66851
1.61541 1.40725 4.66007
1.81767 1.14179 4.55492
1.7818 1.2192 4.56624
1.78757 1.43806 4.48581
1.93411 1.11418 4.4366
1.64678 1.46784 4.61248
1.73891 1.09001 4.64843
1.71842 0.958947 4.70622
1.55396 1.52469 4.67405
1.72911 1.32835 4.58209
1.94478 0.90545 4.49144
1.85154 1.32342 4.45782
1.63526 1.17831 4.71447
1.52916 1.42764 4.72512
1.83267 1.35986 4.46555
1.80325 1.10003 4.58282
1.82385 1.34458 4.48044
1.66701 1.34144 4.63569
1.6776 1.39496 4.60856
1.92336 1.0248 4.47837
1.7065 0.923006 4.72727
1.70397 1.02632 4.69961
1.52792 1.4078 4.73229
1.85829 1.34486 4.44272
1.92713 1.15485 4.43092
1.75277 1.1607 4.6134
1.66596 1.46923 4.59451
1.7887 1.0771 4.60446
1.51627 1.46281 4.72428
1.76114 1.25193 4.57605
1.48838 1.27562 4.80277
1.50032 1.11689 4.84001
1.88685 1.31931 4.41963
1.96276 0.88587 4.47668
1.67793 1.39671 4.60768
1.83985 0.908072 4.60418
1.73487 1.26266 4.59805
1.55636 1.52609 4.67161
1.96258 0.886186 4.47679
1.91669 0.914268 4.52044
1.76692 1.18738 4.59121
1.66938 1.46525 4.5927
1.67042 1.40521 4.61177
1.84748 1.27641 4.47866
1.68465 1.19676 4.66552
1.90012 1.33448 4.39876
1.70592 1.17207 4.65384
1.95507 1.03119 4.43961
1.84809 1.16908 4.5142
1.73601 1.26202 4.59717
1.96752 0.95943 4.44809
1.62144 1.49822 4.625
1.56892 1.49021 4.67279
1.73762 1.21578 4.61047
1.69402 1.34411 4.61008
1.66174 1.18862 4.6884
1.74203 1.20388 4.61004
1.8203 1.21833 4.52721
1.9606 0.887377 4.47872
1.70532 1.26659 4.62465
1.9175 0.912917 4.51995
1.7627 1.21471 4.58659
1.69084 1.17498 4.66666
1.80382 1.06605 4.59284
1.77384 1.146 4.59757
1.92809 0.926938 4.50381
1.82518 1.13815 4.54834
1.84794 1.27486 4.4787
0.694409 1.46328 5.16006
1.96968 1.05172 4.41542
1.70914 1.23717 4.63047
1.85943 0.971623 4.56483
1.81698 1.10782 4.56645
1.93592 1.11004 4.43588
1.7633 1.42433 4.51569
1.70217 1.14367 4.66601
1.91055 0.950366 4.51618
1.64271 1.41608 4.63324
1.7571 1.12353 4.62085
1.89372 1.15123 4.47028
1.89463 1.1408 4.47275
1.76317 1.42611 4.5152
1.71788 1.26055 4.61485
1.81653 1.30748 4.50108
1.879 1.3544 4.4159
1.49414 1.41941 4.75499
1.6085 1.18203 4.73591
1.84984 1.16796 4.5127
1.71916 1.09351 4.66573
1.84024 1.41971 4.43568
1.82041 1.42263 4.45636
1.5585 1.47898 4.68508
1.603 1.35124 4.68854
1.73163 1.23747 4.60925
1.67594 0.967765 4.74141
1.60967 1.38298 4.67279
1.66864 0.956488 4.75096
1.68366 1.41169 4.5974
1.92741 1.15996 4.42884
1.80083 1.30896 4.51698
1.88886 1.31862 4.41758
1.81456 1.01923 4.59646
1.54542 0.935924 4.85679
1.48599 1.41779 4.7617
1.85163 1.16605 4.51142
1.84589 1.41614 4.43072
1.74341 1.17398 4.61818
1.90117 1.21404 4.44046
1.71873 0.960034 4.70563
1.7424 1.17477 4.61889
1.60734 1.24767 4.71701
1.72997 1.23481 4.61168
1.76643 1.17544 4.5955
1.96173 1.21411 4.36876
1.69694 1.33796 4.60938
1.97345 1.03962 4.41491
1.7668 1.18681 4.59152
1.47429 1.39812 4.77654
1.73289 1.24469 4.60574
1.83927 0.906221 4.60532
1.88556 1.33944 4.41383
1.91481 1.0202 4.4895
1.76178 1.14814 4.60864
1.97069 1.30586 4.3236
1.92232 1.02289 4.48016
1.51484 1.23298 4.7954
1.69643 1.27478 4.63026
1.81982 1.31177 4.49613
1.87754 1.35352 4.4179
1.74166 1.37965 4.55271
1.76681 1.41132 4.51666
1.78707 1.43058 4.48899
1.67976 0.95806 4.74086
1.63588 1.05329 4.75102
1.53303 0.957165 4.86035
1.67554 1.17407 4.68066
1.83985 1.39435 4.44534
1.80019 1.3985 4.48659
1.64428 1.47379 4.61275
1.52296 1.25442 4.78281
1.73547 0.967495 4.68814
1.70223 1.14604 4.66523
1.56482 1.35851 4.71797
1.57591 1.03455 4.80545
1.66871 1.08008 4.71498
1.59883 1.26595 4.71853
1.81465 1.35376 4.48703
1.6555 0.941401 4.7665
1.52248 1.44557 4.72479
1.88943 1.11989 4.48548
1.65594 0.940003 4.76652
1.57322 0.999461 4.81751
1.79564 1.07035 4.59968
1.93455 1.03757 4.46145
1.80968 0.944955 4.62368
1.57261 1.35347 4.71317
1.73678 1.1036 4.64628
1.76602 1.38266 4.52738
1.75067 1.39251 4.5394
1.59925 1.02539 4.78934
1.5262 1.4144 4.73159
1.5345 0.97783 4.85351
1.8376 0.879013 4.61499
0.126677 1.52305 5.25953
1.66923 1.41954 4.60812
1.71996 1.17751 4.63918
1.94138 1.12707 4.42371
1.66028 1.35185 4.63839
1.82718 1.34121 4.47805
1.67861 1.20321 4.66895
1.90539 0.992003 4.50893
1.9318 1.12203 4.43664
1.73872 1.16981 4.62396
1.83174 1.17412 4.52983
1.75613 1.43065 4.52074
1.93304 1.11909 4.43619
1.88141 1.34503 4.41655
1.48593 1.36012 4.77932
1.84943 1.34693 4.45181
1.60306 1.2361 4.72412
1.73352 1.22782 4.61054
1.5518 0.888319 4.86494
1.6061 1.46323 4.64996
1.95082 0.907013 4.48402
1.55462 1.46739 4.69198
1.8131 1.27116 4.51705
1.94737 0.909861 4.48711
1.51034 1.15936 4.82032
0.121231 1.51483 5.26203
1.80562 1.05907 4.59319
1.64905 1.35685 4.64681
1.83934 0.925247 4.59962
1.55599 1.49677 4.68142
1.58465 1.2543 4.7338
1.5496 1.47178 4.69469
1.93731 1.1577 4.41801
1.51328 1.45972 4.72761
1.47586 1.39014 4.77779
1.7908 1.35568 4.51135
1.95715 0.894551 4.48054
1.78192 1.0966 4.60509
1.74391 1.02367 4.66373
1.52841 1.21786 4.78945
1.94139 0.957773 4.47908
1.85651 1.36021 4.4392
1.60071 1.35813 4.6883
1.7558 1.44128 4.51736
1.94659 1.04102 4.44635
1.79836 1.07237 4.59634
1.89777 1.20914 4.44603
1.97177 1.06624 4.40803
1.80398 1.39771 4.48287
1.5363 0.960397 4.85698
1.63564 0.919186 4.78945
1.93275 0.911008 4.50343
1.67095 1.4592 4.59329
1.7448 1.0974 4.64062
1.72452 1.07194 4.6673
1.69791 0.909099 4.73885
1.68267 1.2728 4.64348
1.51804 1.14911 4.81746
1.79399 1.37602 4.50098
1.6761 1.47381 4.58356
1.79005 1.44465 4.48085
1.68401 1.13432 4.68522
1.89625 1.32551 4.40655
2.39372 1.07267 3.6898
1.5608 1.49176 4.67906
1.6753 0.954826 4.74567
1.79454 1.06971 4.60096
1.78697 1.02693 4.62151
1.84959 1.41357 4.42753
1.77645 1.24262 4.56394
1.80928 1.21703 4.53907
1.83402 1.07251 4.56007
1.55352 1.44493 4.70004
1.08236 1.4091 5.01608
1.63951 1.13042 4.72522
1.94615 1.04462 4.44567
1.9566 1.04807 4.43225
1.92893 0.877753 4.51784
1.82462 1.07672 4.56844
0.345283 1.47311 5.24313
1.96562 0.914534 4.46447
1.79828 1.1295 4.57853
1.58825 1.39098 4.68841
1.75708 1.19974 4.59687
1.87026 1.07081 4.52234
1.77761 1.44161 4.49492
1.97681 0.944754 4.44172
1.92575 1.1999 4.41695
1.6877 1.43988 4.58418
1.67927 1.20257 4.66855
1.70089 1.14627 4.66638
1.73289 1.17943 4.62645
1.6491 1.3571 4.64669
1.87413 0.920762 4.56469
1.65246 1.34401 4.6479
1.08406 1.40645 5.01595
1.68821 1.13356 4.6817
1.82297 1.20752 4.52801
1.53112 1.23411 4.78254
1.69116 1.37195 4.6036
1.4053 1.46093 4.80763
1.59282 1.39602 4.68296
1.88974 1.36306 4.40034
1.79628 1.14136 4.57677
1.74374 1.43282 4.53241
1.70384 1.16716 4.65726
1.47687 1.33785 4.79281
1.62259 1.1825 4.72397
1.81705 1.19736 4.53751
1.76561 1.08053 4.62593
1.51127 1.15363 4.82127
1.54769 0.939171 4.85415
1.91161 1.21003 4.42987
0.418952 1.4894 5.22515
1.9167 0.899869 4.5248
1.82237 1.41904 4.45553
1.53609 1.41005 4.72509
1.78174 1.43719 4.4922
1.79537 1.08436 4.5956
1.57055 1.34386 4.71785
1.72092 1.17883 4.63786
1.69917 0.909881 4.73751
1.59535 1.21172 4.73788
1.67246 1.08677 4.70972
0.211194 1.51885 5.25163
1.61555 1.44674 4.64714
1.62654 1.17353 4.72333
1.93722 1.15167 4.42019
1.865 1.08235 4.52431
1.9202 0.997889 4.49053
1.8091 1.21925 4.53852
1.91362 1.20906 4.42789
1.84448 1.07501 4.54839
1.57957 1.53279 4.64989
1.6729 0.932549 4.75408
1.49896 1.4275 4.74879
1.72706 1.07728 4.66334
1.67649 1.43192 4.59731
1.70445 1.39462 4.58359
1.72324 1.19218 4.63152
1.76388 1.12686 4.61327
1.67797 1.4324 4.59577
1.96306 1.06263 4.41972
1.90927 1.16681 4.44744
1.86589 0.882588 4.58475
1.66167 0.928052 4.76501
1.67487 0.929102 4.75336
1.82052 0.893848 4.62789
1.94499 1.2304 4.38326
1.94982 1.02801 4.44682
1.95055 1.07295 4.43113
1.90552 1.00272 4.50543
1.8371 1.06123 4.56042
1.73951 1.22245 4.60654
1.8056 1.43282 4.46861
1.50439 1.48 4.72821
1.63831 1.05756 4.74772
1.53309 0.958939 4.85981
1.57681 1.29174 4.7288
1.6402 1.38999 4.64396
1.77406 1.05014 4.62705
1.73672 1.20447 4.61493
1.59937 1.4847 4.64874
1.93246 1.14302 4.42874
1.90933 0.894829 4.53446
1.52166 1.26246 4.78142
1.54492 1.24216 4.76937
1.89235 1.32688 4.41057
1.9528 0.990747 4.45539
1.66607 1.07265 4.71948
1.75354 1.41085 4.53022
1.77352 1.05056 4.62744
1.58701 1.24543 4.73455
1.72823 1.20412 4.62308
1.77025 0.986975 4.6497
1.97585 1.00232 4.42431
1.55815 1.3657 4.72117
1.64644 1.12865 4.71982
1.66844 1.28785 4.65154
1.93977 0.89873 4.49923
1.56067 1.3677 4.71849
1.82036 0.893747 4.62808
1.41932 1.44035 4.8039
1.70587 1.18332 4.6504
1.56843 1.34728 4.71852
1.81681 1.01015 4.59696
1.7569 1.09378 4.63022
1.6605 1.1441 4.70301
1.52016 0.891967 4.88783
1.84272 1.35624 4.45587
1.59904 1.02811 4.78874
1.68674 1.13546 4.68243
1.78266 1.42583 4.49527
1.41918 1.43703 4.805
1.74171 1.0914 4.64538
1.82636 1.33987 4.4794
1.92331 1.1813 4.42627
1.65302 1.35827 4.64282
1.57973 1.53601 4.64869
1.92075 1.17577 4.43115
1.71045 1.21476 4.63634
0.398583 1.49571 5.22764
1.83506 1.17066 4.52748
1.92739 1.21116 4.41108
1.94581 0.959287 4.47352
1.63561 1.30814 4.67412
1.96263 1.18766 4.37712
1.61913 1.3884 4.66291
1.94933 1.07764 4.43101
1.76887 1.45436 4.49942
1.93075 1.14386 4.43045
1.13416 1.43546 4.98194
1.61096 0.969261 4.79574
1.50475 1.25164 4.79756
2.34686 1.10322 3.78583
1.94865 1.07735 4.43191
1.73213 1.17958 4.62713
1.55879 1.26603 4.75119
1.7553 1.37278 4.54152
1.81739 1.34856 4.48594
1.89449 1.25522 4.43371
1.64662 1.30597 4.66519
1.92651 0.955232 4.49682
1.65613 1.24628 4.67554
1.64401 1.48853 4.60807
1.68802 1.06073 4.70371
1.49012 1.05209 4.86584
1.8288 1.314 4.4858
1.70633 1.14852 4.66072
1.81689 1.34946 4.48616
1.77134 0.987399 4.64852
1.64665 0.978009 4.7636
1.48933 1.42581 4.7567
1.72836 1.25225 4.60762
1.83317 1.03919 4.57136
1.87014 0.878894 4.58137
1.81533 1.01218 4.59783
1.70089 1.39127 4.58808
1.9065 1.02189 4.49826
1.94959 1.14946 4.40629
1.92013 0.99566 4.49132
1.90396 1.00673 4.50588
1.92571 1.26574 4.39362
1.78649 1.42061 4.49313
1.51204 1.2536 4.79143
1.86675 1.15854 4.49759
1.68047 1.22039 4.66194
1.81372 1.13368 4.56156
1.66627 1.07326 4.71913
1.9795 0.889326 4.45589
1.56564 1.38356 4.70949
1.9429 1.25808 4.37579
1.61065 1.41431 4.66191
1.91763 0.899162 4.52399
1.93731 1.13093 4.42718
1.92705 1.21126 4.41144
1.78341 1.42685 4.49413
1.62053 1.38705 4.66213
1.96677 1.06013 4.41611
1.6002 1.4804 4.64943
1.94651 0.884798 4.49578
1.80088 1.0718 4.594
1.13453 1.43516 4.98183
1.52349 1.13279 4.81803
1.63283 1.44644 4.63206
1.85139 1.35135 4.44806
1.72513 0.89228 4.71922
1.65446 0.898666 4.77938
1.91743 0.89938 4.52414
1.65202 1.0698 4.73246
0.230862 1.45832 5.26408
1.59099 1.4135 4.67893
1.83354 1.15332 4.53473
1.82288 1.03462 4.58331
1.62842 0.967054 4.782
1.62023 1.3902 4.66139
1.73817 1.22558 4.60682
1.87917 1.15067 4.48662
1.87636 1.28337 4.44434
1.78815 1.12416 4.59032
1.89211 1.07142 4.49833
1.67288 1.18859 4.67857
1.65477 1.18446 4.69577
2.38233 1.06105 3.7248
1.51306 1.44746 4.73163
1.76246 1.44029 4.51095
1.64043 0.919131 4.78547
1.67234 1.07576 4.71309
1.98414 1.07598 4.38965
1.47662 1.43037 4.76493
1.84825 1.06895 4.54635
1.53902 1.43953 4.7135
1.71076 1.09882 4.67182
1.96438 1.26115 4.3483
1.75191 1.16888 4.61165
1.69558 1.22642 4.64636
1.80449 1.2703 4.52628
1.7145 1.36033 4.58547
1.85589 1.15051 4.51197
1.77341 1.15686 4.59456
1.79822 1.31692 4.51698
1.41867 1.3494 4.8315
1.65826 1.48155 4.59744
1.70208 1.21258 4.64475
1.75341 1.41038 4.53052
1.53142 1.3659 4.74248
1.5293 1.23669 4.78318
1.85876 1.32521 4.44921
1.8346 1.05468 4.56506
1.52534 1.3308 4.75799
1.70013 1.39417 4.58782
1.5105 1.09737 4.83798
1.64889 1.26769 4.67522
1.51256 1.10104 4.83539
1.66009 1.14391 4.70343
1.91627 1.22509 4.4192
1.51858 1.12521 4.82394
1.72676 1.24328 4.61201
1.58481 1.28765 4.72348
1.79734 1.36534 4.50121
1.7911 1.35734 4.51047
1.74919 0.958568 4.678
1.62668 1.27333 4.69271
1.65202 1.49818 4.59754
1.75528 1.40535 4.53038
1.71556 1.36731 4.58215
1.66753 1.16819 4.68954
1.88133 1.09076 4.50391
1.63313 0.941803 4.7852
1.69761 1.05719 4.6962
1.72073 1.34903 4.58328
1.77372 1.1583 4.5938
1.80541 1.2652 4.52704
1.88023 1.3713 4.40831
1.69346 1.25906 4.63799
1.83672 0.990535 4.58266
1.69927 1.05723 4.6947
1.71153 1.39301 4.57739
1.92742 1.11704 4.4434
1.79923 1.43859 4.47332
1.68723 1.28116 4.63667
1.77124 1.1016 4.61398
1.6176 1.47075 4.63748
1.65577 0.993296 4.75148
1.524 1.48566 4.71094
1.96342 1.17266 4.38147
1.80933 0.894466 4.63884
1.90754 0.929728 4.52585
1.71328 1.35153 4.58955
1.61153 1.42224 4.65859
1.71651 1.10347 4.66515
1.79236 1.13229 4.58357
1.53547 1.39643 4.72983
1.59681 1.3284 4.70091
1.62629 0.922853 4.79618
1.62211 1.41817 4.65072
1.59697 1.25148 4.7245
1.67084 1.20151 4.6764
1.45719 1.29871 4.81892
1.67964 1.46489 4.58328
2.38341 1.05434 3.72583
1.98713 0.916597 4.43824
1.74457 1.4324 4.53173
1.62695 0.924174 4.79527
1.55822 1.36626 4.72093
1.53104 1.02658 4.84252
1.93119 1.10355 4.44356
1.65483 1.499 4.59468
1.63081 1.03096 4.76174
1.93431 1.24219 4.39186
1.92691 0.955932 4.49616
1.83037 1.09921 4.55542
1.5098 1.34163 4.76674
1.64713 1.26909 4.67632
1.53674 1.2977 4.7591
1.83006 0.874736 4.62387
1.5384 1.29762 4.75782
1.64215 0.930352 4.78088
1.49458 1.22069 4.8143
1.9132 0.934665 4.51808
1.75741 1.38803 4.53421
1.62468 1.46209 4.63411
1.96172 1.08796 4.4128
1.82673 1.4113 4.45359
1.91189 0.910088 4.52703
1.88652 1.29908 4.42727
1.49978 1.10563 4.84362
1.89936 1.03548 4.50186
1.74773 1.29938 4.57362
1.77702 1.20639 4.57515
1.50947 0.90324 4.89268
1.5029 1.28522 4.78898
1.50164 1.17772 4.82153
1.70572 1.27508 4.62157
1.6678 1.06824 4.71928
1.75523 1.43542 4.51998
1.94606 1.13638 4.415
1.62938 1.41095 4.6467
1.71608 1.3722 4.58002
0.358378 1.51244 5.23101
1.82687 0.929374 4.61107
1.72697 1.1534 4.64013
1.71331 1.39281 4.57576
1.55182 0.875614 4.86838
1.74497 1.43318 4.53106
1.82973 0.885861 4.62097
1.52822 1.32534 4.7574
1.82329 0.934137 4.61327
1.73047 1.23673 4.61059
1.8341 1.41417 4.44449
1.91348 1.02589 4.48918
1.6275 1.5185 4.61284
1.70582 0.961245 4.71691
1.75297 1.19034 4.60384
1.70849 1.21302 4.6387
1.78242 1.15989 4.58471
1.686 1.28149 4.63768
1.59162 1.50629 4.64832
0.123329 1.49895 5.26573
1.77036 1.43049 4.50632
1.87091 0.934816 4.56388
1.55229 0.860427 4.87214
1.77381 1.12154 4.60528
1.56324 1.51792 4.66854
1.79632 1.43534 4.47757
1.86117 0.875106 4.59188
1.96416 0.880606 4.47665
1.98704 0.916228 4.43846
1.68043 1.12901 4.69001
1.91286 1.0844 4.47091
1.84779 0.922452 4.59177
1.72407 1.40386 4.56167
1.87816 1.28599 4.4414
1.58404 1.38172 4.69486
1.82989 0.884951 4.62107
1.52773 1.23354 4.78534
1.90043 1.28394 4.41671
1.8783 0.969042 4.54559
1.93829 0.997509 4.47005
0.181556 1.51997 5.2548
1.90516 0.902287 4.53679
1.90261 1.01532 4.50467
1.59271 1.01119 4.79867
1.48336 1.3753 4.77666
1.67063 1.28583 4.65021
1.81459 1.33588 4.49333
1.92201 1.16085 4.43481
0.360276 1.50887 5.23156
1.93269 1.25119 4.39055
1.59109 1.50487 4.64924
1.82903 0.87466 4.62493
1.98389 1.08472 4.38697
1.91471 0.882721 4.53218
1.93691 1.27475 4.37695
1.93736 1.19625 4.40454
1.50931 1.34167 4.76711
1.73052 1.14513 4.63937
1.81276 1.1268 4.56473
1.91382 0.936436 4.51685
1.97306 1.12513 4.38634
1.69361 1.08395 4.69181
1.92353 1.18172 4.42586
1.9019 1.06104 4.49083
1.77358 1.21296 4.57644
1.75451 1.42233 4.52527
1.78817 1.11965 4.59172
1.70007 0.89566 4.74073
1.85843 0.943857 4.57429
1.82271 1.32102 4.48987
1.94792 1.13781 4.41229
1.81145 1.10788 4.57207
1.69922 1.22401 4.64378
1.50832 1.13433 4.82905
1.77208 1.09872 4.61406
1.62527 0.932844 4.79423
0.330085 1.50285 5.23833
1.81423 1.2016 4.53904
2.10421 1.21601 4.17567
1.73305 0.959596 4.69267
1.78571 1.13146 4.59045
1.76719 1.1107 4.6151
1.76025 1.37974 4.53419
1.71171 1.37724 4.5825
1.80874 1.29063 4.51501
1.57279 1.32257 4.7226
1.87498 1.17339 4.48365
1.70086 1.21974 4.64362
1.70103 1.21643 4.6445
1.75621 1.43272 4.51994
1.78613 1.17874 4.57499
1.54361 1.38083 4.72818
1.86231 1.35932 4.43302
1.93448 1.13173 4.43022
1.6212 1.29884 4.68947
1.77598 1.16942 4.58804
1.62084 1.29685 4.6904
1.47493 1.11381 4.85951
1.75596 1.13784 4.61749
1.92619 1.31631 4.37457
1.50926 1.26281 4.79082
1.7033 1.05569 4.69153
1.89625 0.959858 4.52899
1.65652 0.989716 4.75186
1.89893 1.01517 4.50878
2.38428 1.04509 3.72873
1.78682 1.4165 4.49424
1.5968 1.20397 4.73902
1.70133 1.15624 4.66292
1.83588 1.36 4.46201
1.73726 1.1675 4.62606
1.59399 1.0126 4.79724
1.50888 1.3386 4.76837
1.76496 1.43782 4.50927
1.81894 1.37719 4.47421
1.73888 0.961925 4.68662
1.73417 1.33301 4.57567
1.87478 1.17505 4.48332
1.62774 0.926036 4.7941
1.95381 0.913476 4.47858
1.57442 1.51139 4.66128
1.9606 1.16074 4.3891
1.54138 1.00431 4.84089
1.78384 1.19192 4.57304
1.95943 0.942901 4.46285
1.88857 1.00708 4.52269
1.86413 1.3596 4.43088
1.86726 1.16769 4.494
1.53649 1.43863 4.71581
1.94737 1.22628 4.38187
1.79844 1.25443 4.53781
1.63362 0.939787 4.78536
1.70094 0.895689 4.73996
1.76964 1.45264 4.49924
2.26057 1.14635 3.94357
1.7547 1.42185 4.52524
1.91473 1.02401 4.48838
1.69585 1.04933 4.70011
1.67628 1.04783 4.71788
1.4407 1.31492 4.82603
1.72197 0.919882 4.71424
1.76096 1.4013 4.52606
1.65841 1.457 4.60555
1.81903 1.40639 4.4637
1.8377 1.3326 4.46971
1.62944 0.93145 4.79118
1.77554 1.1077 4.6079
1.97574 0.954617 4.43985
1.62548 1.49933 4.62105
1.9424 1.05218 4.44757
1.64212 1.50088 4.60562
1.57052 1.43161 4.69029
1.6583 0.99702 4.74824
1.77169 1.10338 4.61299
1.69548 1.18138 4.66049
1.7021 1.2188 4.64277
1.93615 1.1185 4.43276
1.78923 1.21295 4.56081
1.7111 1.40083 4.57518
1.54279 1.49312 4.69341
1.86858 1.28353 4.45299
1.71788 0.916599 4.71887
1.88119 1.00747 4.53057
0.644496 1.40584 5.19016
1.79775 1.16037 4.56923
1.59665 1.00772 4.79648
1.60937 1.41906 4.66148
1.59445 1.50819 4.64526
1.81185 1.12552 4.56606
1.8676 0.876352 4.58479
1.93719 1.26517 4.38011
1.837 1.05296 4.56311
0.126292 1.49589 5.26622
1.85721 1.08718 4.53108
1.85107 1.08365 4.53872
1.80447 0.88539 4.64626
1.65588 1.31363 4.65457
1.60288 0.972497 4.8014
1.98487 1.04138 4.40044
1.67683 1.47626 4.58205
1.78276 1.40691 4.50183
1.7761 1.10991 4.60666
1.89875 1.20286 4.44708
0.331522 1.4977 5.23937
1.59051 1.24976 4.73036
1.536 1.39643 4.7294
1.9718 1.01631 4.42459
1.62037 1.17286 4.72874
1.93013 1.11176 4.44204
2.3393 1.10616 3.80133
1.86416 1.05671 4.53337
1.68601 0.96503 4.73339
1.91717 1.29788 4.3921
1.75984 1.38577 4.53254
1.70814 1.22808 4.63428
1.81405 1.21346 4.53532
1.77012 1.19566 4.58543
1.80793 1.03006 4.5998
1.75533 1.11402 4.6255
1.57637 0.997405 4.81561
1.87235 1.16963 4.48779
1.52422 1.23416 4.78786
1.67981 1.44747 4.58901
1.65652 1.47771 4.60033
0.102898 1.48558 5.27071
2.03794 1.24253 4.25955
1.72303 1.24974 4.61347
1.64423 1.00146 4.75894
1.88855 1.27229 4.43447
1.56561 1.24968 4.75066
1.92201 1.1004 4.4552
1.55305 1.37316 4.72297
1.69549 1.46017 4.56995
1.71707 1.35505 4.58478
1.70659 0.946606 4.72044
1.44 1.29272 4.83306
1.86556 0.892708 4.5821
1.8905 0.927746 4.54506
1.90071 1.12243 4.47205
1.50451 1.22342 4.80605
1.50889 1.21466 4.80531
1.61523 1.08092 4.76022
1.77118 1.44708 4.49963
1.70927 1.37848 4.58441
1.93445 1.28119 4.37756
1.49311 1.48782 4.73452
1.60777 1.17233 4.73943
1.94996 1.06 4.43614
1.71853 0.898306 4.72349
1.89543 0.96856 4.5272
1.52742 0.924621 4.87352
1.75503 1.36836 4.54331
2.33248 1.08979 3.82479
1.83317 1.32662 4.47671
1.71955 1.3455 4.58558
1.73869 1.14421 4.63197
1.9575 1.19288 4.38152
1.68701 0.958883 4.73428
1.63858 1.42242 4.63484
2.42803 1.05444 3.60842
1.56476 1.01805 4.81891
0.105638 1.46977 5.27435
1.81826 1.3796 4.47408
1.72404 1.09452 4.66092
2.2067 1.17432 4.02873
1.75357 1.10224 4.63081
1.90368 0.917899 4.5337
1.78721 1.36914 4.5104
1.63832 1.49522 4.61095
1.87283 0.985299 4.54643
1.96852 0.968127 4.44412
1.72331 1.07859 4.66641
2.38373 1.07071 3.71602
1.89731 0.964069 4.52653
1.60649 0.968948 4.79947
1.8157 1.41658 4.46363
2.49798 0.979153 3.43559
0.1841 1.52449 5.25341
1.58507 1.35642 4.70196
1.98715 1.01853 4.40528
1.59364 1.48142 4.65474
1.67006 1.45282 4.59625
1.81814 1.37992 4.47409
2.34625 1.10315 3.78725
1.63496 1.01815 4.76195
1.85871 1.11725 4.5198
1.60334 1.34188 4.69119
1.73823 1.36129 4.56227
1.97753 0.9135 4.45071
1.60229 0.965861 4.80374
1.74332 1.06994 4.65039
1.58199 1.38793 4.69461
1.94596 0.969139 4.47023
1.95627 1.23133 4.36922
1.70393 1.04974 4.69272
1.88906 0.925009 4.54744
1.58478 1.37508 4.69633
1.91796 1.32174 4.38241
1.92973 0.901009 4.50989
1.84694 1.3954 4.43712
1.6321 0.863883 4.80772
1.7486 1.06632 4.6465
1.91885 0.889647 4.52551
1.90462 1.02923 4.49801
1.95691 0.918532 4.47341
1.6935 1.25238 4.64008
1.78995 1.0822 4.60165
1.72028 0.880004 4.72708
1.72263 1.31321 4.59328
1.63265 0.967087 4.77847
1.67097 1.1981 4.67734
1.84464 0.981453 4.57725
1.52603 1.48586 4.70926
1.66086 1.00156 4.74473
1.50319 1.27278 4.79246
1.85885 1.16317 4.50461
1.71952 1.34293 4.58645
1.60336 1.06918 4.7734
1.67088 1.257 4.6591
1.72542 1.11498 4.65341
1.95683 0.997924 4.44836
1.12383 1.43616 4.98723
2.3218 1.11843 3.83337
1.92707 1.2226 4.40743
0.63287 1.47888 5.17484
2.05419 1.2349 4.24014
1.83278 1.32657 4.47715
2.49057 0.995206 3.45049
1.89677 1.14889 4.46765
1.58989 1.38091 4.69022
2.31689 1.12089 3.84263
1.95639 0.998146 4.44881
1.94913 1.00561 4.45489
1.43404 1.36659 4.8155
1.61831 1.04411 4.76835
1.502 1.276 4.79241
1.55796 1.17904 4.77781
1.71794 1.36057 4.58211
1.67703 1.18717 4.67531
1.85534 0.946946 4.57659
1.87932 0.96352 4.54619
1.74531 1.06176 4.65099
1.91306 1.19731 4.43261
1.69132 0.904606 4.74592
1.64317 1.45796 4.61902
1.54136 1.03523 4.83221
1.72974 1.34771 4.57506
1.52563 1.2055 4.79523
1.81065 1.12989 4.5659
0.272145 1.5113 5.24533
2.44152 1.03808 3.5797
1.58216 1.50833 4.65573
1.67534 1.19058 4.67577
1.99277 1.06341 4.38328
1.86756 0.925554 4.57021
1.91018 1.00563 4.49932
1.67191 1.21809 4.67032
0.342358 1.54796 5.22499
1.84392 1.09298 4.54327
1.35538 1.40336 4.85894
2.0128 1.25344 4.28911
1.54765 1.36076 4.73116
1.83912 1.06056 4.55854
2.30588 1.12632 3.86308
1.75324 1.31431 4.56326
1.73653 1.33477 4.57279
1.65222 1.26366 4.67356
1.92311 1.18224 4.42617
1.61651 1.29101 4.69591
1.73422 1.16652 4.62924
1.41619 1.39576 4.8195
1.72085 1.10473 4.66076
1.55936 1.42811 4.7006
1.72332 1.31454 4.59219
1.74857 1.28803 4.57654
1.74257 1.36408 4.55707
1.76203 1.04709 4.63955
0.409752 1.50565 5.22294
1.94096 1.02931 4.45671
1.85525 1.30552 4.46004
1.85959 1.28841 4.46125
0.349311 1.51247 5.23262
1.499 1.50133 4.72569
1.85048 1.05457 4.54854
1.67371 1.45825 4.59104
2.45178 1.03048 3.55378
2.32553 1.10172 3.83383
1.84841 1.38475 4.43935
1.89367 1.26253 4.43208
1.66508 1.13657 4.70128
1.6499 1.44555 4.61708
1.73178 1.3588 4.56938
1.62656 0.864388 4.81215
0.342532 1.53776 5.2275
1.65018 1.44275 4.61776
1.85938 1.37251 4.43154
1.67632 1.05258 4.71645
2.45134 1.03095 3.55482
1.74065 1.34282 4.5661
2.42016 1.01766 3.6521
1.79193 1.26121 4.5422
1.94853 1.12696 4.41529
1.80281 1.29683 4.51906
2.30561 1.12661 3.86351
1.74784 1.4376 4.52666
1.64653 1.49316 4.60423
2.45622 1.0273 3.54219
1.6623 1.3335 4.64249
1.7197 1.37007 4.57726
2.41594 1.0299 3.65636
1.75798 1.06663 4.63749
1.72297 1.35976 4.57756
1.6622 1.20956 4.68156
1.60645 1.05213 4.7758
1.8803 0.9726 4.54235
1.99945 1.25605 4.30561
1.78337 1.09617 4.6038
1.64005 1.3976 4.64162
1.89882 1.24832 4.43119
2.07926 1.22623 4.20808
1.7715 1.32499 4.54151
1.73371 1.4388 4.54029
2.24989 1.12403 3.9739
1.46164 1.45019 4.77008
1.84305 1.05196 4.55714
0.340822 1.5361 5.22821
1.83228 1.03606 4.57324
1.90032 1.23497 4.43415
1.94941 1.1087 4.42046
1.90282 1.05324 4.49233
1.66348 0.889777 4.77419
1.60728 1.06634 4.77102
1.72155 1.36747 4.57636
1.59466 0.96744 4.80946
0.0153114 1.47157 5.27962
1.91122 1.09769 4.46839
1.8738 1.04139 4.52788
1.72099 0.87537 4.72774
1.72634 1.35571 4.57567
1.68793 1.29317 4.63219
1.80232 1.3375 4.50566
1.95134 1.06316 4.43346
2.33657 1.09608 3.81262
1.87197 1.05861 4.52439
1.6866 1.47001 4.575
0.405671 1.5069 5.22344
1.7608 1.19117 4.59598
1.63506 1.50376 4.61102
1.49799 1.30696 4.78621
1.60432 1.29417 4.70524
2.05765 1.23705 4.23446
1.73604 1.33383 4.57358
1.88649 1.24415 4.44666
2.42174 1.0524 3.62728
1.59343 1.26698 4.7227
1.78655 1.37521 4.50897
0.340884 1.56189 5.22177
1.92818 1.29307 4.38074
1.94081 1.23431 4.3869
1.66416 1.20994 4.67972
2.3754 1.11329 3.71259
1.73914 1.35461 4.56362
1.8605 1.29019 4.45962
1.59563 1.26745 4.72073
2.33426 1.06946 3.83111
1.98455 1.08949 4.38452
1.38464 1.40312 4.83926
1.87112 0.881279 4.57963
1.8786 1.04511 4.52152
1.89121 0.972877 4.53046
1.9372 1.2613 4.38151
1.97215 1.10415 4.39468
1.74007 1.34177 4.56701
1.53073 1.38394 4.73746
1.73668 1.35363 4.56636
1.86555 1.39615 4.41594
1.81204 1.26507 4.52021
0.200608 1.52341 5.25178
1.17181 1.43219 4.96237
2.29151 1.13504 3.88827
2.12613 1.20535 4.1469
2.24964 1.12151 3.97551
2.29344 1.13402 3.88486
1.57481 1.32999 4.71866
1.72758 1.10826 4.65346
1.49586 1.21015 4.81642
1.8646 0.990224 4.55367
1.586 1.27221 4.72723
1.53445 1.32353 4.75307
1.93399 1.08732 4.44573
1.63378 1.07081 4.74768
1.72428 1.12336 4.6519
1.70975 1.10862 4.66978
2.37498 1.11535 3.71247
2.02684 1.26518 4.26581
1.55049 1.2644 4.75829
1.92926 1.11473 4.44205
1.71746 0.874917 4.73105
1.76875 1.21743 4.57976
1.49857 1.46412 4.73771
1.68226 1.37054 4.61231
1.88416 1.27963 4.43686
1.95698 0.913882 4.47477
0.833733 1.45246 5.11413
1.54396 1.36353 4.73326
1.51705 1.07583 4.83918
1.99713 0.89677 4.43237
1.9272 1.29354 4.38175
1.66925 1.47753 4.58867
1.9917 1.25918 4.31446
1.54684 1.48903 4.69142
1.6383 0.961994 4.77519
0.822229 1.46296 5.11572
1.6619 1.48282 4.59367
1.9485 1.00171 4.45688
1.62597 1.26898 4.69467
1.91519 1.26272 4.40712
2.37618 1.10634 3.71465
1.67983 1.18181 4.67446
1.8601 0.962292 4.56696
1.70024 0.932017 4.73027
1.91865 0.969514 4.5012
1.63941 0.895706 4.79286
1.56018 1.29766 4.74047
1.76724 1.43382 4.50835
1.99301 1.25874 4.31294
1.65045 1.2877 4.66757
1.91703 1.05715 4.47509
1.70393 1.47096 4.55819
1.6932 1.46804 4.56943
1.67523 1.14451 4.68993
2.34533 1.10194 3.78997
1.6605 1.27404 4.66299
1.78874 1.05649 4.61077
1.99521 0.997473 4.40236
1.49478 1.47654 4.73676
2.36085 1.09221 3.75938
1.93055 1.18011 4.41822
1.50676 1.07412 4.84737
1.88855 1.18439 4.46489
1.67828 1.48746 4.57687
1.50791 1.26723 4.79053
1.81164 1.33441 4.49695
1.59093 1.40143 4.68284
1.85363 0.966385 4.57249
1.48109 1.4603 4.75232
2.34331 1.10379 3.79357
1.665 1.49546 4.58652
1.61425 1.30895 4.69225
1.83979 1.0202 4.57039
1.71117 1.35955 4.5889
1.94998 1.0553 4.43767
1.75145 1.4467 4.51985
1.91522 1.08692 4.46741
1.78874 0.967463 4.63762
1.71614 1.23209 4.62556
1.52953 1.30491 4.76257
1.88808 1.14731 4.47789
2.40897 1.06351 3.65533
1.7638 1.13721 4.61012
1.83375 1.3884 4.45418
2.18359 1.16065 4.07394
1.71903 1.35151 4.58409
1.69885 1.46012 4.56677
1.78053 1.2968 4.54188
1.68066 1.18033 4.67417
1.74427 1.34934 4.56037
1.71968 1.28256 4.60606
1.62 1.05198 4.76468
1.72285 0.910429 4.71613
1.85455 0.95091 4.57622
1.89187 1.22984 4.44556
1.54874 1.42668 4.70971
1.53697 0.946772 4.86023
1.99417 1.25867 4.31146
1.88983 1.18517 4.46319
1.6346 1.45988 4.62605
2.35393 1.09662 3.77313
1.6234 1.31466 4.68263
1.65945 1.39053 4.62657
1.91124 1.06246 4.47991
0.34591 1.51037 5.23374
1.81711 1.38419 4.47368
1.86479 0.936183 4.56993
1.58638 1.52045 4.64814
1.86894 1.27443 4.45577
0.33196 1.52585 5.23229
1.92088 1.22384 4.41426
1.85682 1.31629 4.45451
2.00396 1.24841 4.30263
1.6823 1.17746 4.67359
1.75091 1.18111 4.60875
1.63762 1.14616 4.72213
1.69126 1.22662 4.65024
1.0689 1.47609 5.00438
1.73896 1.24836 4.59875
1.69526 1.46889 4.56718
1.52593 1.4885 4.7085
2.43981 1.04094 3.58289
1.8878 0.953995 4.53998
2.02355 1.26029 4.27214
1.22347 1.4218 4.93591
2.12356 1.20904 4.14931
1.91607 0.92122 4.51901
1.49134 1.45863 4.745
1.50747 1.32278 4.77424
1.69104 1.29415 4.62902
2.32003 1.11705 3.83788
3.81956 0.670445 10.0703
3.8366 0.74898 9.40495
3.89947 1.2707 11.0427
3.83824 0.771338 9.31964
3.85216 1.26208 11.5032
3.8249 0.744354 10.36
3.82202 0.807899 10.6592
3.82062 0.840853 10.7845
3.83827 0.751148 9.45887
3.82474 0.744629 10.3647
3.88972 1.33601 11.3188
3.80594 1.38054 12.058
3.84266 0.791643 9.34197
3.84101 0.784091 9.33322
3.81276 0.623687 9.41441
3.8146 0.67328 9.1634
3.83977 0.76465 9.41466
3.89954 1.28779 11.0891
3.82247 0.746565 10.4182
3.88846 1.25772 11.1392
3.8313 0.719863 9.41291
3.8503 0.991728 10.8593
3.88581 1.28722 11.2424
3.82692 0.712118 9.30658
3.8432 1.06396 11.1377
3.838 0.739448 9.57809
3.89424 1.24675 11.041
3.81134 0.666557 9.11546
3.81924 0.707512 9.12685
3.82666 0.679009 9.69966
3.81422 0.717411 8.99199
3.82934 0.692147 9.7072
3.81777 0.766921 10.5789
0.519533 6.22626 21.4155
3.83102 0.721056 9.39224
3.82142 0.707016 9.17995
3.86043 1.26596 11.4392
3.83296 0.746783 9.29542
0.85474 6.13739 21.116
3.81805 0.842664 10.8225
3.85164 1.02362 10.9358
3.83674 0.799803 10.3735
3.83094 0.792045 10.454
3.8203 0.768545 10.5448
3.81857 0.84399 10.82
3.81593 0.640895 9.40488
3.8367 0.729486 9.65436
0.919737 5.80261 20.8577
3.83371 0.714146 9.66793
3.89776 1.33769 11.2389
3.85171 0.979994 10.8045
3.89238 1.20476 10.9436
3.89338 1.31965 11.2415
3.90023 1.25271 10.9813
0.738395 6.16647 21.2219
3.85923 0.966152 10.6461
1.30667 5.95636 20.6283
3.81795 0.710375 10.3439
3.8821 1.34428 11.4121
3.84408 0.784361 9.44041
3.81835 0.710893 10.3382
3.84318 0.826175 10.361
3.8445 0.918281 10.7055
3.86338 0.896596 10.2319
3.88974 1.21368 11.004
3.891 1.2857 11.1825
1.17015 6.05144 20.8073
3.90007 1.21644 10.8723
3.80999 0.818906 10.8509
1.60095 5.88604 20.3088
0.420778 6.04147 21.3726
3.86194 0.961411 10.5822
3.80912 0.785159 10.7611
3.81938 0.662309 9.37406
3.89414 1.22704 10.9861
3.88819 1.06351 10.5029
3.81705 1.40511 12.0282
3.8292 0.802417 10.5271
3.80304 0.574006 9.87008
3.83071 0.987649 11.0761
3.82227 0.734397 9.08989
3.83496 0.758507 9.29144
1.60174 5.90285 20.319
3.8204 0.873606 10.8841
3.82305 0.719795 9.1638
0.906739 6.11879 21.0641
3.88631 1.37386 11.438
3.82754 0.78577 10.4897
3.82303 0.720976 9.15825
3.88415 1.3585 11.4243
3.88123 1.39686 11.5335
1.5873 5.91292 20.3396
1.23961 5.9996 20.7148
3.82202 0.952448 11.0776
3.81788 0.9499 11.1136
3.81546 0.81243 10.7636
3.89129 1.41322 11.4779
3.8687 0.975775 10.515
3.8375 0.732552 9.75584
3.8279 0.798346 10.5333
3.84464 0.828328 10.3385
3.88878 1.01946 10.2353
0.974746 6.10042 20.9989
3.83356 1.3044 11.7347
3.89553 1.20801 10.9106
3.85539 0.968586 10.7146
1.76392 5.84248 20.1168
0.983388 6.10007 20.9918
1.61768 5.88659 20.2928
0.890394 6.08648 21.0569
3.82766 0.733321 9.21697
3.82961 0.742635 9.22389
3.82456 0.687589 9.38782
5.3672 4.38427 17.6488
6.09193 3.68991 18.5417
7.10188 4.91038 19.7715
7.65479 7.36062 20.6066
6.95974 4.9194 19.6163
8.01324 5.08433 20.7276
6.56729 3.85041 19.117
5.49294 6.3426 18.0329
7.32796 4.98068 20.019
7.36586 7.2108 20.2944
7.36476 7.21063 20.2932
7.58401 3.07869 20.2391
5.53301 6.28121 18.0748
5.50449 6.26089 18.0356
5.4126 3.71181 17.6705
6.72592 5.7359 19.4271
5.22512 5.69752 17.5944
5.28276 4.7768 17.5685
5.96368 5.3211 18.4927
5.05417 3.36951 17.1667
4.99169 6.40097 17.3844
5.59553 3.2103 17.8983
4.74985 3.45154 16.734
4.76199 4.99595 16.8717
5.55044 5.18644 17.9601
6.17231 4.6936 18.6918
5.36484 4.94813 17.694
4.84099 3.1375 16.8561
4.63565 4.95388 16.6853
9.03212 5.44783 21.7064
6.79158 3.03244 19.3667
5.98682 4.07436 18.427
7.1148 5.66247 19.8461
5.44216 3.12967 17.6934
5.24826 3.84501 17.455
7.18903 3.9757 19.822
4.89397 3.23481 16.9351
4.98417 4.05601 17.1021
5.27975 4.32857 17.5276
5.67301 4.88103 18.0877
4.62147 4.01968 16.5778
8.50569 4.30014 21.1716
4.91248 4.19019 17.0104
5.05683 5.01776 17.2864
5.22402 5.32762 17.5473
8.27334 4.39433 20.9508
4.91943 3.57452 16.9839
7.76594 6.30423 20.5847
4.94463 3.13614 17.0051
7.61307 6.65683 20.4719
4.88294 4.34128 16.9803
5.85375 5.30704 18.3558
4.7311 4.85152 16.8117
5.1131 4.35695 17.3028
6.91916 5.59307 19.627
8.18856 4.66315 20.8782
4.79483 3.13348 16.789
5.60352 6.33917 18.1723
8.20522 5.06471 20.9145
4.64846 3.77055 16.6013
4.67832 3.33241 16.6243
7.22325 6.5566 20.0593
6.36577 3.88539 18.8804
5.86041 3.4598 18.2456
4.55486 4.37363 16.5079
6.11923 4.67625 18.6263
7.57739 3.76837 20.233
7.75443 4.41041 20.4338
4.83532 3.37545 16.8552
7.21571 6.55292 20.0509
4.75176 2.86428 16.7209
4.78299 4.36708 16.8398
5.06939 4.6572 17.2679
8.06661 4.77312 20.7634
4.74595 3.00649 16.7146
4.84768 3.35419 16.8723
8.1994 4.20533 20.8732
4.62894 3.53872 16.56
6.92803 5.64109 19.6413
8.77262 5.12962 21.4536
8.26855 4.60663 20.9538
8.23523 5.1328 20.9476
7.72548 4.30079 20.4001
4.53249 3.09564 16.3988
6.36152 3.88332 18.8752
6.92668 5.64288 19.64
4.90387 3.13155 16.9466
4.71309 2.8455 16.6636
5.14467 5.09456 17.4144
4.69473 3.15976 16.6429
4.55534 2.95914 16.43
5.07422 3.10231 17.188
4.83616 4.40243 16.9189
4.75504 2.93067 16.7266
5.30872 4.41013 17.5726
5.34072 3.92638 17.5844
5.33833 3.92384 17.581
5.16125 2.95641 17.3075
8.29786 5.87679 21.0614
5.06561 3.79257 17.2006
4.70507 4.92516 16.7823
6.83695 4.71404 19.4662
5.00807 5.27202 17.2481
6.02535 5.3898 18.5749
5.21465 4.7972 17.4789
6.64574 6.10643 19.3784
5.11369 5.04857 17.3674
4.91885 6.21143 17.2551
6.10573 4.64623 18.6077
6.92195 4.4312 19.5453
6.64456 6.10553 19.377
7.64984 5.05931 20.36
6.15317 4.90519 18.6849
8.45001 5.71804 21.1923
4.61054 3.91283 16.5543
4.7579 3.08415 16.7338
5.00478 4.78808 17.1911
5.07817 4.29544 17.25
4.84105 3.24525 16.8591
9.02063 6.17842 21.7497
7.7981 3.16543 20.4616
5.25025 5.21326 17.5694
6.1429 4.5264 18.6446
5.06172 5.55858 17.3568
5.78747 4.39785 18.1956
6.6662 4.16624 19.2433
4.59701 3.61229 16.5163
4.55708 3.51417 16.4518
7.9219 4.77644 20.6196
4.58228 3.8672 16.5094
4.72525 3.38109 16.6952
7.67363 4.24333 20.3447
4.80228 4.68754 16.8967
8.51639 5.44859 21.2351
5.87904 4.03795 18.2904
7.69485 3.71535 20.3549
6.17563 3.76097 18.6467
7.08089 5.02493 19.7565
7.06569 5.02245 19.7398
5.95737 4.31505 18.4035
5.10262 4.38559 17.2906
5.97666 4.52936 18.4412
4.97945 3.91996 17.0869
7.71177 4.43303 20.3909
4.69452 4.00934 16.6842
5.44861 6.25368 17.9632
4.72046 5.04814 16.8183
8.54917 5.50095 21.2693
6.20288 3.77144 18.6802
5.30971 3.06795 17.5134
8.79206 4.74938 21.4541
5.62055 5.82049 18.1228
4.61552 4.25806 16.5874
5.84425 4.48999 18.2735
5.03077 4.66437 17.2153
5.88255 4.13904 18.3
4.65112 2.91308 16.5727
4.53915 4.0557 16.4584
4.79355 2.91895 16.7828
8.82184 4.83756 21.485
8.91992 4.50457 21.5629
5.27203 3.99744 17.4956
5.26765 3.98941 17.4892
6.56263 5.28711 19.1988
6.25168 5.71234 18.8801
4.47361 4.26595 16.3774
6.56452 5.34456 19.2062
6.17897 4.77483 18.7058
6.72084 5.50994 19.3989
9.10268 5.99292 21.8068
4.83285 5.19574 16.9952
7.99455 4.67163 20.6872
4.92397 5.23428 17.1273
6.24742 5.73712 18.8779
5.61397 3.14509 17.9216
6.09513 4.9218 18.6161
5.22732 5.1624 17.5331
8.64355 5.44407 21.3532
7.16402 5.51236 19.8852
4.7093 3.02406 16.661
7.66753 3.67201 20.326
4.52171 4.47583 16.4682
5.29264 3.26727 17.4938
5.34659 3.96353 17.5943
7.44618 4.05789 20.1009
4.58674 3.38416 16.4903
4.52639 3.87732 16.4267
4.58726 2.87522 16.4765
5.4119 5.63792 17.8323
5.6434 5.67438 18.1335
8.13035 3.41059 20.7967
8.05828 3.40595 20.7246
8.82285 4.54551 21.4753
4.97615 4.37832 17.1145
8.12513 6.29881 20.9356
7.85527 3.16115 20.5205
8.12194 3.41607 20.7883
6.2409 4.50387 18.7615
5.76927 4.32358 18.1677
7.45174 6.46779 20.2855
9.23835 7.30235 22.0532
4.61064 4.64655 16.6159
6.78384 4.80029 19.4121
7.68885 4.1907 20.3588
4.45009 3.52538 16.2909
7.95391 6.03216 20.743
8.11022 3.41723 20.7766
4.95807 3.96038 17.0593
8.11503 4.42605 20.7968
8.56918 5.50809 21.2885
8.66703 4.33381 21.3247
8.86232 5.23202 21.5411
4.64971 4.83322 16.6923
5.10859 4.10418 17.2786
4.92218 5.22974 17.1243
7.49188 5.98219 20.2738
4.57708 4.20844 16.5267
6.18948 4.23485 18.6838
4.64894 2.87154 16.5688
5.02796 3.89059 17.1533
5.09682 3.34736 17.2257
8.3008 6.30092 21.1033
4.68565 2.88024 16.6235
5.14532 4.49775 17.3583
5.05923 4.40736 17.2325
6.94156 4.09342 19.5526
8.85359 5.15906 21.5292
6.15664 4.34005 18.6498
8.34504 3.40161 21.0084
9.01336 6.25283 21.7498
5.11668 5.63102 17.4406
7.54755 6.059 20.3387
8.73036 5.11879 21.4142
5.18214 5.86857 17.5602
4.93291 4.30707 17.0481
5.65375 3.30502 17.9762
5.21075 2.99789 17.3766
8.75986 4.74207 21.4241
4.62652 3.06725 16.5392
4.8978 5.14631 17.0805
8.86344 5.2287 21.5419
4.53891 3.883 16.4458
9.01855 5.49618 21.6973
7.06861 3.3082 19.6793
6.932 4.06799 19.541
7.67047 3.08822 20.3299
5.87599 4.286 18.3001
6.59213 3.07075 19.135
6.60543 6.06576 19.3283
8.1276 4.44006 20.8097
7.06965 5.91645 19.8229
1.57072 2.90326 10.5153
8.95018 7.23521 21.7965
4.53677 3.37526 16.415
7.98672 6.04066 20.776
8.39493 4.48711 21.0713
9.07129 6.23317 21.7991
8.23415 3.46656 20.8993
4.95402 4.49442 17.0932
4.62262 2.83187 16.5289
6.06564 5.55865 18.6415
6.93737 3.58764 19.5349
7.64855 5.95555 20.4311
6.16975 4.85331 18.7008
8.37016 5.37964 21.0925
8.59507 4.7111 21.2695
7.57516 6.15206 20.3764
8.78063 5.51527 21.4839
6.72071 3.11421 19.2847
8.92485 4.63933 21.5716
4.80682 5.05787 16.9424
4.91146 5.16197 17.1014
8.38075 4.35862 21.0537
5.04302 4.0103 17.1816
8.69435 4.62381 21.359
5.5029 5.0585 17.8856
4.92808 4.28832 17.0399
5.55193 4.73564 17.9194
8.79804 4.94306 21.4678
6.85981 3.1897 19.4442
5.2901 3.23175 17.4896
4.93611 4.41364 17.0613
8.74211 5.94384 21.4804
5.28226 4.24482 17.5251
5.93009 3.51695 18.3352
7.36187 3.32325 20.0004
7.8365 4.78698 20.5342
8.40969 3.56999 21.0705
8.97105 6.05552 21.6955
4.84172 4.13816 16.906
8.41866 6.02779 21.1886
4.80664 3.02501 16.8037
9.17057 6.13038 21.8773
5.48166 4.30584 17.7948
4.49042 4.56064 16.4299
4.31962 3.82108 16.1088
5.99648 5.5009 18.5515
8.4576 5.90948 21.2149
4.48174 3.59836 16.3427
8.77106 5.88546 21.502
5.42425 4.21775 17.7131
4.77701 4.08055 16.809
6.91889 4.81189 19.5639
8.91402 5.3861 21.5968
8.38405 3.56843 21.0457
8.07514 5.98921 20.8573
8.14438 5.22101 20.8648
4.69562 4.2459 16.7036
4.77872 4.07817 16.8113
8.77589 4.28913 21.4251
8.94881 4.77675 21.5983
5.06092 4.53249 17.2452
6.64951 3.07661 19.2021
4.56358 3.23517 16.45
6.83962 6.10236 19.5932
8.31193 3.61664 20.9755
8.12663 4.53564 20.8123
9.08027 5.86244 21.7771
5.01595 5.53175 17.2909
7.55275 5.66476 20.3065
4.46037 3.17789 16.2918
4.60012 3.74451 16.5283
7.53053 3.11108 20.1821
8.42812 3.43546 21.0889
8.38399 3.36033 21.0466
9.03912 5.85206 21.74
8.10716 5.5418 20.8509
4.12512 4.22869 15.8385
8.88444 4.8118 21.5411
6.44398 2.992 18.9599
8.15017 6.13335 20.9433
4.58652 4.29327 16.5477
8.51556 5.38097 21.2299
7.18823 3.73968 19.8156
6.15323 5.71258 18.7635
8.31215 3.66878 20.9758
8.39182 5.10577 21.0963
8.23188 3.4665 20.8971
6.04145 4.14584 18.4982
6.25063 2.97179 18.7265
4.83305 4.44267 16.9179
5.70445 5.45821 18.1854
8.08883 4.58578 20.777
7.75469 4.75926 20.4498
4.47528 3.60349 16.3332
6.56061 4.81862 19.1589
8.07302 3.19051 20.7413
8.88741 4.82823 21.5445
6.80023 5.85585 19.5224
5.15971 5.01037 17.4258
7.43525 5.03318 20.1357
5.032 4.10135 17.1721
6.42972 2.99331 18.9428
5.10395 3.58296 17.2442
8.38914 5.35741 21.1091
7.1186 4.80091 19.7826
8.26007 3.39553 20.9252
4.43154 3.99041 16.2919
8.57966 4.28071 21.2412
6.09324 6.06743 18.7346
5.45258 3.29843 17.7105
4.83892 4.94296 16.975
8.87688 5.62638 21.5787
8.15438 3.92824 20.8233
4.758 5.69888 16.9553
5.03558 4.46199 17.2042
7.38744 3.53216 20.0287
6.29103 2.99094 18.7757
5.22438 3.31466 17.4016
7.51153 6.38588 20.3372
8.94907 4.77815 21.5986
9.0365 5.39326 21.7071
6.15759 5.49402 18.745
5.05167 4.6883 17.2464
5.80144 3.05727 18.1642
6.97692 4.3383 19.602
5.06466 4.81673 17.2765
8.07515 3.20389 20.7432
5.88395 4.60362 18.3313
8.35948 5.28468 21.0762
7.46436 5.02546 20.1657
4.45273 3.73327 16.3066
8.53561 5.22097 21.2388
0.611853 1.93045 7.12991
5.12613 5.41198 17.4258
4.3376 4.46767 16.1906
5.59849 3.92622 17.9256
4.40057 4.60441 16.2998
5.41037 4.06476 17.6853
8.02821 3.37817 20.6945
7.58509 4.18325 20.2508
5.03776 4.10101 17.1801
6.07051 5.4423 18.635
4.59463 3.41665 16.5034
7.0629 3.36578 19.6731
4.3256 4.45787 16.1713
4.56252 4.87054 16.5692
4.75216 3.60236 16.7442
7.4858 3.34002 20.1332
6.39658 2.98972 18.9031
6.24151 2.9901 18.7153
7.04512 7.02719 19.9343
7.41675 3.0625 20.0611
8.80887 4.6467 21.4657
4.96537 4.23048 17.0879
4.68741 4.04647 16.6765
4.45398 4.52671 16.3721
5.00693 3.68323 17.1129
5.48805 3.26706 17.7571
4.54919 2.89133 16.4194
5.22397 4.5503 17.4696
7.08408 5.0667 19.763
7.75292 3.29561 20.4138
5.42225 3.23643 17.6685
8.46438 4.74258 21.1473
0.791018 2.18997 7.90843
8.427 5.27141 21.1395
8.19469 3.43897 20.8605
8.18373 4.05909 20.8545
7.72287 3.16561 20.3837
7.90583 4.88492 20.6092
4.70539 4.18614 16.7131
5.19636 5.53679 17.5356
7.51269 3.74412 20.1645
7.88801 3.78654 20.5542
5.11691 3.91097 17.2783
8.86312 3.59882 21.4996
7.5934 3.10749 20.2487
8.9185 5.01085 21.5808
5.68336 4.2681 18.0544
0.231799 1.3999 4.97873
5.80835 4.23408 18.2118
7.86687 3.91709 20.5347
8.58298 3.69862 21.2368
6.88386 3.27635 19.4716
16.6526 7.67388 26.6328
7.47237 3.39631 20.1189
6.46892 4.45461 19.0288
4.41201 3.48987 16.231
5.17061 4.47361 17.3908
8.99823 5.03561 21.6539
0.239896 1.42074 5.03826
9.09842 4.83167 21.735
6.02555 4.90072 18.5296
6.18577 3.68692 18.6567
16.6641 7.6812 26.638
8.46488 4.73298 21.1474
8.79445 6.05377 21.537
5.59464 3.93316 17.9209
0.744734 2.14427 7.71864
8.50096 4.78988 21.1841
5.63711 3.96606 17.9777
4.54754 3.57872 16.4407
8.02614 3.11884 20.6951
8.69115 4.84451 21.3647
4.68449 4.27386 16.6897
8.47708 4.77721 21.1609
5.15714 5.24051 17.4475
9.37759 5.09078 21.9914
5.78236 3.87517 18.1603
8.53709 3.75524 21.1933
6.23065 4.72513 18.7642
8.35704 3.47933 21.0197
8.37371 3.17866 21.0389
8.24406 5.35251 20.97
9.09885 5.55086 21.7721
7.84433 4.28168 20.5209
8.81401 4.26711 21.4598
8.63169 5.89905 21.3756
9.02351 6.30963 21.7638
5.13126 5.42994 17.4349
4.83877 3.61628 16.8703
5.00856 5.21371 17.2419
6.07109 4.69447 18.569
7.03636 3.39513 19.6437
5.10139 5.39603 17.3903
7.27983 6.64493 20.1294
5.34899 4.21948 17.613
7.43835 3.29169 20.0826
7.50556 3.17813 20.1549
6.00521 4.9005 18.5047
6.88037 3.27243 19.4677
7.43654 3.28809 20.0807
8.70063 3.97366 21.3496
5.3508 4.21828 17.6153
8.17761 6.19045 20.9752
8.98923 4.97347 21.643
7.71641 3.16863 20.3769
9.46246 5.13157 22.0665
9.15864 4.4291 21.7763
5.28049 5.13988 17.6017
4.92406 5.12655 17.1149
8.0851 3.24588 20.7527
4.75955 5.18932 16.8907
8.42907 3.48258 21.0895
8.19476 6.19927 20.9925
8.80426 6.13451 21.5527
7.32189 3.51016 19.9579
5.87729 4.91933 18.3483
9.14576 5.58303 21.8155
4.62426 3.39495 16.5467
5.54267 3.25578 17.8294
6.91082 6.24428 19.6876
4.74131 3.32707 16.7167
5.42097 5.18513 17.7919
7.04659 3.31371 19.6548
6.24088 4.13767 18.741
4.96034 4.02229 17.0664
4.63852 3.98194 16.6003
7.88223 3.26616 20.5471
7.99646 3.20173 20.664
7.19458 4.01565 19.8292
8.74424 5.08294 21.4251
8.17851 3.56222 20.8442
8.3861 3.45471 21.048
4.7123 4.16574 16.7216
5.18816 4.47215 17.4146
20.0142 7.9621 27.8092
7.6995 4.74003 20.3924
7.43026 3.17736 20.0745
7.04819 4.1122 19.6718
9.12469 4.82207 21.7581
9.298 6.25203 21.9977
7.59461 4.12431 20.2589
6.61813 4.75134 19.2204
9.20867 6.06741 21.9054
7.54898 3.48079 20.2003
8.98443 5.50099 21.6671
8.39894 5.12937 21.1044
9.28982 6.42929 22.0062
7.02254 3.3547 19.6281
7.0341 5.16753 19.7161
5.9375 3.54382 18.3452
7.0918 6.42928 19.9047
6.37883 4.39043 18.9191
5.23403 4.54854 17.483
4.36704 4.69137 16.2584
6.44687 4.65034 19.0151
8.11658 3.56425 20.7827
7.96889 3.20492 20.636
8.77039 5.0851 21.4493
5.10544 4.63648 17.3156
7.21948 3.47404 19.8464
17.4346 7.56317 26.9413
5.26433 6.62479 17.7826
8.76979 5.29573 21.4603
17.4835 7.50943 26.9577
7.09401 6.42818 19.9069
8.61839 5.30736 21.3213
9.03144 5.15268 21.6894
7.47667 3.09941 20.1249
9.09796 5.8189 21.7895
7.8708 4.28339 20.5478
4.71141 4.13924 16.7183
5.0019 3.41895 17.0947
5.93777 5.8884 18.5248
5.8495 4.93491 18.315
9.0164 5.73562 21.7114
6.48419 4.46556 19.0473
8.83823 5.82094 21.5579
7.42634 3.17735 20.0703
5.79794 5.91111 18.3561
6.33936 4.87912 18.9051
8.89249 5.52831 21.5862
7.36921 6.55527 20.211
7.63977 3.54874 20.2961
4.59443 4.18167 16.5502
4.42449 3.43661 16.2475
7.14782 5.79217 19.894
4.57374 4.03732 16.5085
6.50741 6.33065 19.25
0.585414 1.95358 7.01276
8.4503 3.29604 21.1116
5.45235 5.35173 17.851
5.34634 5.80725 17.7686
5.93719 3.22643 18.3386
8.62233 5.3136 21.3253
8.71133 3.9728 21.3596
5.86362 6.08563 18.4595
5.34387 5.77224 17.7607
6.82916 6.22315 19.5958
8.07034 5.99214 20.853
7.59131 5.06733 20.3003
0.254569 1.42467 5.14024
5.73536 3.24007 18.081
6.17712 5.60519 18.7801
9.79736 6.42334 22.4311
6.23832 4.30261 18.7464
8.33381 5.70302 21.0814
8.68284 5.37279 21.385
9.09255 4.07711 21.7109
4.41737 4.36703 16.3019
8.47277 3.39869 21.1322
7.51665 6.5002 20.3556
8.25496 3.16998 20.9226
6.9562 4.60322 19.5926
8.81635 3.74826 21.4561
5.52934 6.66261 18.1283
8.46761 3.29533 21.1283
5.56129 7.06621 18.2351
8.92132 5.50283 21.6106
8.66596 6.32928 21.445
9.16338 7.79219 22.051
8.63861 5.94852 21.3861
5.21705 3.15362 17.3877
6.11665 4.97051 18.6463
6.38758 6.35346 19.1162
7.47565 6.20569 20.2804
5.32499 5.63238 17.718
7.00039 6.03958 19.7614
5.67356 3.22624 18.0006
8.67365 4.01092 21.3248
5.38916 3.34138 17.6265
18.4932 7.80762 27.3351
5.02562 5.35209 17.2817
5.44444 3.59479 17.7084
5.27383 3.59518 17.4785
7.68394 3.1895 20.3428
5.77332 4.90792 18.2172
8.22965 5.00568 20.9349
8.86009 4.21022 21.5012
8.46735 3.29526 21.1281
4.69644 4.58539 16.7347
5.39022 5.34988 17.7698
5.91104 5.95974 18.5012
4.39572 3.31082 16.1979
9.00239 4.70089 21.644
5.73062 6.82264 18.4043
8.81083 3.22537 21.4551
6.80498 4.13924 19.4006
6.00478 6.39093 18.672
8.93498 5.78492 21.6422
7.80654 5.09117 20.5215
8.59211 4.41597 21.2566
9.10424 5.50172 21.7738
6.09757 6.45097 18.791
22.5091 8.20127 28.3876
9.26777 6.37418 21.9823
8.97758 5.99259 21.6962
5.86841 6.01073 18.4556
8.13566 3.37563 20.8022
6.97022 7.35485 19.9034
9.13508 5.43875 21.7972
6.88305 3.70808 19.4759
8.44706 5.65482 21.1847
4.67693 2.97574 16.6121
8.08603 3.36551 20.7527
7.70473 3.93918 20.3688
8.43134 3.53284 21.0915
9.02873 5.25681 21.6924
6.40298 6.33098 19.1309
8.39681 3.62194 21.058
7.65203 6.42951 20.4845
7.81615 3.28303 20.4792
8.70326 5.36804 21.4035
5.40827 4.77526 17.7351
8.11406 6.43405 20.939
8.92495 5.85042 21.6381
6.56217 3.03973 19.0998
8.72289 6.06373 21.4729
4.84433 4.02094 16.9016
7.22365 4.88143 19.9012
6.66471 5.99764 19.387
8.98091 6.29614 21.7249
6.43294 4.75748 19.0061
5.56204 5.94074 18.0642
8.71438 5.89144 21.4509
6.76493 3.1687 19.3356
8.52744 3.47922 21.1842
8.69435 4.53372 21.3559
8.13854 3.15186 20.8074
6.88148 3.34952 19.4693
9.05278 5.93368 21.7583
7.50557 3.2442 20.1545
9.16731 7.7943 22.0546
4.48242 4.07707 16.3752
4.77522 5.27813 16.9238
7.91576 4.66074 20.6079
5.28073 3.12911 17.4748
4.28352 4.24379 16.0866
5.42111 6.69193 17.9957
8.83673 4.31242 21.4818
6.04289 7.0213 18.8123
8.80874 6.11088 21.5547
8.22551 4.98185 20.9296
8.19638 3.16887 20.8647
7.51098 3.25331 20.1602
8.7189 5.17367 21.4066
8.5157 4.21175 21.179
4.78598 5.08803 16.9163
11.3608 6.78695 23.6492
22.336 8.23189 28.3564
5.69251 5.86916 18.2195
4.81562 4.48687 16.8969
6.59782 6.30113 19.3484
4.71099 4.0509 16.7112
7.38555 5.79647 20.1455
0.342413 1.61092 5.71864
8.38759 3.9954 21.0522
7.89393 6.24686 20.7054
16.1228 7.48238 26.3943
8.49796 3.29683 21.1575
6.44428 6.2912 19.1731
6.20701 4.53918 18.723
7.56284 3.477 20.215
8.88453 4.15711 21.5227
6.20219 5.54297 18.8032
5.66621 6.00668 18.2045
7.70677 4.30725 20.3811
5.75999 6.03267 18.3249
4.55709 4.58969 16.5316
9.12169 4.435 21.7434
5.05536 5.38762 17.3267
7.7331 3.11291 20.3949
9.13151 5.16587 21.7792
7.78544 3.13171 20.4489
7.88168 6.59382 20.7312
7.63229 3.42986 20.2878
4.39187 2.94565 16.1802
7.46114 4.12877 20.1188
5.06978 3.44522 17.1911
8.25059 7.31262 21.1734
8.95669 4.9593 21.613
12.0234 6.92155 24.1124
5.71036 4.50616 18.1051
8.58606 4.42845 21.2512
5.94906 4.8296 18.4297
7.02186 6.09136 19.7903
8.84304 4.21036 21.4855
13.2497 7.12737 24.8944
8.53503 3.63594 21.191
8.82215 4.69854 21.4798
5.77343 4.06514 18.158
17.0375 7.67057 26.7904
7.44742 3.11908 20.0934
1.39862 2.61753 9.99739
5.2694 4.27862 17.5101
8.25706 4.43292 20.9363
5.58827 4.65847 17.96
8.85197 5.77743 21.567
4.38881 2.80222 16.1728
8.33189 4.19148 21.0021
8.95959 6.26223 21.703
5.55249 4.48932 17.9005
15.9189 7.55058 26.3067
4.79585 4.48366 16.8684
8.72392 6.13309 21.4798
4.73059 4.73179 16.7985
5.66529 3.19479 17.9894
7.55792 4.07805 20.2193
5.30218 3.32467 17.5083
5.06136 4.44845 17.2388
9.05747 5.53873 21.7346
9.13081 4.75809 21.7612
5.80307 6.01319 18.3756
6.55841 6.3536 19.3107
0.31719 1.56865 5.5615
5.65372 6.31463 18.2316
6.85101 4.91065 19.495
9.31805 6.32961 22.0216
8.67178 3.88606 21.3217
8.0903 3.14989 20.7592
5.44848 6.88868 18.0631
5.37074 3.41119 17.6035
6.26274 5.5714 18.8779
5.05215 3.474 17.1675
16.8926 7.62233 26.7293
7.1555 5.57493 19.8817
8.966 6.30202 21.7122
12.706 7.0375 24.5588
4.68881 3.38492 16.6418
5.45939 6.22085 17.9722
18.8873 7.84939 27.4672
4.72217 4.22555 16.7405
5.38663 6.25802 17.8841
8.37171 7.42723 21.3011
5.18109 3.19566 17.3389
7.63396 3.47068 20.2897
8.57408 3.55699 21.2284
7.5073 6.47979 20.3437
5.99969 4.70564 18.4824
4.67521 3.6366 16.6333
8.26223 5.62139 21.0068
8.81991 4.69489 21.4776
9.00704 4.70015 21.6482
0.66033 2.06453 7.35736
8.81121 4.15791 21.4552
5.43665 3.36314 17.6907
16.7535 7.6049 26.6712
7.58982 4.3331 20.2609
7.46024 4.48341 20.1313
5.03154 4.55035 17.2061
8.14747 6.04771 20.9327
0.352443 1.62944 5.77983
6.11685 5.93175 18.7459
5.95746 3.92119 18.3833
8.96125 6.30947 21.7087
8.47335 4.46751 21.1456
7.13191 3.91113 19.7578
5.22485 3.4667 17.4068
7.36532 6.1169 20.1568
5.45178 4.67072 17.7833
9.21866 4.89764 21.8443
8.94434 5.41956 21.6261
9.14574 5.68645 21.8223
7.29074 3.03865 19.925
17.3831 7.6982 26.9279
7.98468 3.10295 20.6534
0.647797 2.05565 7.30216
6.72752 6.04191 19.4622
7.0357 6.47028 19.8499
6.50836 4.45934 19.0752
8.43015 4.00345 21.0933
7.37427 3.43774 20.014
9.13521 5.47529 21.7995
8.94824 4.13337 21.5807
6.30753 5.29071 18.9027
4.90145 4.05104 16.985
12.7211 7.04812 24.569
0.204532 1.28252 4.76626
8.59898 3.27268 21.2546
8.42988 3.99176 21.0929
7.84018 3.23013 20.5043
8.83187 3.98252 21.4719
5.86017 3.79894 18.256
11.8023 6.87351 23.9608
8.8902 6.30296 21.6449
6.77509 4.57851 19.3883
8.08894 5.73251 20.8483
8.95955 5.94475 21.6763
5.28898 5.65245 17.6732
7.75177 3.87977 20.4162
6.88769 3.48604 19.4775
8.39132 3.86435 21.0541
7.63397 3.43491 20.2896
8.72063 4.8042 21.3903
16.0648 7.57616 26.3736
9.00342 4.86731 21.6512
6.74752 6.02871 19.483
9.07649 5.63713 21.7579
5.82884 4.23694 18.2378
8.75611 6.18402 21.5136
16.6909 7.60602 26.6453
8.69108 6.36731 21.4715
7.02611 6.46689 19.8392
19.7753 7.91574 27.7401
20.4096 7.9009 27.9136
8.06672 5.94027 20.8447
7.43991 3.48232 20.0845
8.71659 4.49942 21.3756
9.04938 5.91972 21.7542
12.4061 6.99663 24.367
5.39747 5.68363 17.8193
18.3632 7.7893 27.2899
8.97846 5.54752 21.6648
20.7301 7.94684 27.9971
7.84028 4.50095 20.5248
8.67611 3.70369 21.3249
7.16674 6.46067 19.988
12.0298 6.90972 24.1158
22.296 7.99142 28.3427
8.26887 5.72916 21.0216
4.70909 5.20015 16.8201
8.62827 5.7342 21.3596
7.25688 6.48144 20.0853
4.95589 4.88951 17.1334
8.13469 6.04933 20.9205
7.75202 4.39374 20.4307
4.38649 2.94218 16.1719
5.05078 3.18713 17.1568
8.08146 4.8972 20.7843
16.2943 7.60332 26.4762
10.6684 6.64174 23.133
7.59715 3.87812 20.2556
16.2328 7.42056 26.4397
7.52827 6.36418 20.3518
8.91025 4.60417 21.5572
8.40332 4.77348 21.0905
6.54379 6.35719 19.2946
8.19385 3.30759 20.8605
8.35571 3.30156 21.0197
6.47163 4.5088 19.0352
9.18071 5.92603 21.8701
8.80133 3.87919 21.4427
5.74451 3.11991 18.0913
6.86139 4.7719 19.4972
5.78278 6.0255 18.3521
7.10684 3.136 19.722
7.51908 4.58853 20.198
16.1687 7.46126 26.4135
7.50034 7.35137 20.4511
4.53275 3.7066 16.4256
16.4452 7.6073 26.5415
7.72876 7.54638 20.7065
15.6372 7.51703 26.1754
6.97035 6.14436 19.7406
8.04432 5.84111 20.8141
15.6144 7.52818 26.1655
5.60422 4.72466 17.986
7.61551 3.88539 20.275
20.58 7.99565 27.9608
5.86956 3.22788 18.2529
11.7606 6.8753 23.9326
6.45633 3.05889 18.9744
4.71603 5.97572 16.9367
17.1144 7.57184 26.8163
6.06685 5.79909 18.6702
6.0154 5.91257 18.6219
7.0948 6.40649 19.9051
5.10277 3.42713 17.2366
8.18661 6.38248 21.0031
17.1264 7.5286 26.8191
5.69974 4.23779 18.0736
16.4083 7.59779 26.5252
8.77405 3.7886 21.4168
8.59329 5.64229 21.3204
9.10526 5.65464 21.7845
8.33992 5.07369 21.0449
7.51832 6.48127 20.3551
6.83984 7.59356 19.8021
5.52004 3.46474 17.8045
7.80292 3.20225 20.4662
5.3015 3.56278 17.5149
9.44639 8.51953 22.39
6.99117 3.05649 19.5934
9.0786 5.82891 21.7732
14.2674 7.32359 25.4792
8.58716 3.65756 21.2407
5.2056 5.00726 17.4875
8.82695 5.43475 21.5209
4.68842 4.90474 16.7561
8.36014 4.94724 21.0575
9.10043 5.94927 21.8015
9.19934 6.26832 21.9139
7.89689 6.61697 20.7488
8.54172 4.51892 21.2122
0.22536 1.35593 4.92779
4.36029 3.77758 16.1685
0.648483 2.04971 7.30447
7.24942 3.29706 19.8784
7.286 4.41531 19.9429
7.50056 6.12718 20.2976
9.05346 5.54167 21.7313
7.715 3.40313 20.3741
8.51723 4.19689 21.1801
15.8432 7.53071 26.2712
7.21139 6.00882 19.9838
17.1196 7.54608 26.8171
7.10266 6.48284 19.9228
8.93707 5.5636 21.6287
7.90556 3.18824 20.5717
12.5382 7.05668 24.4552
6.73226 6.3934 19.51
4.51614 3.81225 16.4071
16.1751 7.59237 26.4234
4.3769 4.33583 16.2378
6.9162 3.38465 19.5088
5.35664 6.33378 17.8567
8.21085 5.53726 20.9511
7.22991 7.05774 20.1326
5.67317 4.51504 18.0582
12.5801 7.01368 24.4785
5.94279 2.95162 18.3441
5.16082 5.4507 17.4773
17.8913 7.76011 27.1214
8.42295 5.6996 21.1655
8.64828 5.26275 21.3463
7.86084 5.10966 20.5773
4.87034 4.23504 16.954
8.53049 3.53151 21.1868
7.21088 6.43395 20.0313
8.99126 5.65551 21.6834
5.36398 3.38892 17.5938
5.04515 4.46996 17.2181
5.61442 5.35361 18.0598
21.0574 7.99924 28.0783
6.74969 6.16195 19.5009
0.482393 1.82108 6.50447
5.46591 5.36713 17.8704
3.42001 4.12175 14.6529
8.81157 3.91614 21.4525
0.600656 2.02115 7.08961
14.7002 7.12389 25.6942
12.1458 6.9988 24.1988
4.54305 6.07246 16.7051
16.2103 7.57668 26.438
8.83472 3.84688 21.4735
8.44721 3.67382 21.1068
11.1283 6.73565 23.4794
6.0279 7.15181 18.8158
5.27285 3.26125 17.4667
9.03974 5.34452 21.7071
8.07429 4.89146 20.7769
4.79301 4.49851 16.8656
12.1472 7.00277 24.2
5.02958 3.25914 17.1288
8.52499 4.60322 21.1993
7.64304 3.41709 20.2991
11.5329 6.94779 23.7821
8.97473 5.59102 21.6643
14.2912 7.3233 25.4919
9.15764 5.96338 21.8527
6.01967 5.25728 18.5547
5.68846 6.30429 18.2734
15.7194 7.54117 26.2149
5.36771 4.44226 17.6539
14.0366 7.27194 25.3511
10.9394 6.69663 23.3389
5.75186 4.86064 18.186
6.77227 4.5927 19.386
5.65634 5.92907 18.1819
8.94237 4.41246 21.5809
5.33284 3.4048 17.5521
17.0403 7.63909 26.7899
6.27024 5.96663 18.9313
15.9023 7.49788 26.2962
6.34909 5.57106 18.9792
7.2335 5.81225 19.9872
0.516592 1.87603 6.67973
15.7636 7.48957 26.2324
6.90203 6.43682 19.7016
4.9644 5.32083 17.1937
5.74577 5.96917 18.2989
7.14836 4.27583 19.788
16.3919 7.58015 26.5172
12.2121 6.96417 24.2395
5.21968 6.05093 17.6358
20.8349 8.06929 28.027
13.1574 7.11903 24.8391
7.94155 3.09566 20.6097
0.62399 1.65729 7.15913
6.62535 6.34522 19.3848
7.84636 4.63809 20.5369
9.06899 5.63969 21.7514
8.49143 4.69809 21.1712
8.78022 5.76887 21.5014
18.0386 7.77818 27.1755
7.2312 3.87525 19.8653
12.2175 6.95173 24.2421
10.8084 6.68728 23.2414
8.35008 3.50196 21.0128
7.43507 3.45429 20.0792
7.22294 6.20341 20.0172
11.9096 7.0124 24.0436
0.528903 1.88849 6.74064
2.27139 3.43503 12.3052
16.0273 7.58901 26.3576
4.85145 4.84651 16.9825
12.1654 7.02924 24.2139
7.86989 6.01258 20.6583
4.62846 4.49113 16.6269
8.53897 5.70359 21.2744
0.490082 1.83839 6.54493
4.72668 3.52299 16.7032
7.26814 3.45666 19.8993
4.80206 4.29824 16.8615
7.48699 6.94228 20.3808
8.57284 3.41927 21.228
7.53388 5.92389 20.3112
6.33642 5.58081 18.9654
12.1967 6.89463 24.2244
6.30194 5.46942 18.9136
8.29899 3.91078 20.965
6.23496 7.2624 19.0755
17.5226 7.64379 26.9787
5.50007 3.12014 17.7706
8.41287 5.48445 21.1401
7.94492 6.47598 20.7798
7.9932 5.3762 20.727
8.47072 3.48008 21.1297
12.2114 6.96753 24.2393
4.68684 4.51386 16.7141
19.8334 7.78619 27.7521
5.45717 4.74069 17.7963
8.66551 3.83235 21.3154
4.90389 4.5383 17.0266
9.63196 6.35054 22.2885
6.66737 4.57372 19.2655
4.66703 3.93205 16.6388
7.79582 6.04045 20.5874
7.74082 3.92003 20.4056
8.89573 5.74434 21.604
6.55661 5.58645 19.2204
9.26808 5.18882 21.9006
16.4343 7.53785 26.5332
8.77121 6.51645 21.5586
7.19609 5.74582 19.941
18.2121 7.78982 27.2374
6.84885 5.60477 19.5506
7.89797 5.64329 20.6533
4.38141 4.52574 16.2629
5.81265 5.45156 18.3201
8.72751 5.50481 21.4346
0.591436 1.99805 7.04522
17.0268 7.46019 26.7759
7.22991 7.63292 20.2184
6.27413 3.6105 18.762
4.66665 4.51138 16.6845
9.18752 5.96992 21.8793
6.71351 3.16352 19.2763
5.12671 4.53357 17.3358
11.2508 6.76398 23.5694
7.89845 6.77527 20.769
11.511 6.87348 23.761
0.200927 1.29128 4.7398
12.4801 6.89641 24.4071
6.32123 3.07166 18.8122
19.9536 7.87302 27.7891
4.9772 5.09848 17.1855
3.31641 4.07036 14.463
10.5693 6.62098 23.0564
5.45085 6.80642 18.0524
6.84074 6.36193 19.6254
6.59325 6.28825 19.3416
16.3913 7.56795 26.5163
12.4916 6.87535 24.4129
9.62433 6.35902 22.2828
5.31467 5.10199 17.6431
6.13924 6.11142 18.7949
6.0221 4.73107 18.5118
8.52883 5.5787 21.2558
7.73305 4.54219 20.4173
